0	1.038116	
1	0.855109	
2	0.953808	
3	0.968610	
4	0.980678	
5	0.992598	
6	1.003761	
7	0.988328	
8	0.987841	
9	1.194261	
10	0.999218	
11	0.915626	
12	1.056536	
13	0.979427	
14	0.906768	
15	1.012618	
16	1.058726	
17	1.021043	
18	0.935221	
19	1.021146	
20	1.018688	
21	0.953230	
22	0.964712	
23	0.947261	
24	0.920007	
25	0.999518	
26	1.024156	
27	0.971766	
28	0.901179	
29	0.998044	
30	0.991476	
31	1.002845	
32	1.020080	
33	0.948729	
34	1.022278	
35	1.021419	
36	0.968271	
37	0.992014	
38	0.951419	
39	0.951182	
40	0.979588	
41	0.959119	
42	0.891988	
43	0.921820	
44	0.907565	
45	1.058033	
46	1.011279	
47	0.910553	
48	0.997714	
49	0.990168	
50	0.997070	
51	0.885289	
52	0.936991	
53	0.986461	
54	0.992345	
55	0.988852	
56	1.050255	
57	1.019624	
58	0.935568	
59	0.999097	
60	0.998373	
61	1.060049	
62	0.900349	
63	1.002100	
64	1.053078	
65	0.953030	
66	1.020002	
67	0.980917	
68	1.032433	
69	1.016031	
70	1.004984	
71	1.081483	
72	0.877536	
73	1.019635	
74	0.925090	
75	1.015138	
76	1.076677	
77	1.100397	
78	0.978396	
79	0.986869	
80	0.991143	
81	0.958470	
82	1.019647	
83	1.069024	
84	0.987826	
85	1.006381	
86	1.007657	
87	0.941393	
88	1.074112	
89	0.974840	
90	0.982325	
91	0.883027	
92	1.091637	
93	0.996401	
94	0.914658	
95	0.990359	
96	0.995861	
97	0.982039	
98	0.950309	
99	1.078731	
100	0.890866	
101	0.929717	
102	0.925959	
103	0.888852	
104	1.016447	
105	1.091839	
106	1.002510	
107	1.089846	
108	0.935119	
109	0.954822	
110	1.027343	
111	0.927211	
112	0.995830	
113	1.146811	
114	1.005688	
115	1.049707	
116	1.046093	
117	1.032658	
118	0.993446	
119	1.012438	
120	0.950919	
121	1.122592	
122	1.087689	
123	1.042592	
124	1.089667	
125	1.112471	
126	1.061028	
127	1.004540	
128	1.021458	
129	0.906732	
130	1.105940	
131	1.010697	
132	1.043596	
133	0.994651	
134	1.020192	
135	1.117654	
136	0.980490	
137	0.999592	
138	0.974427	
139	1.021886	
140	0.946496	
141	1.001812	
142	1.030927	
143	0.997268	
144	0.888416	
145	0.979954	
146	0.979154	
147	1.065819	
148	1.008274	
149	1.017463	
150	1.099404	
151	1.013021	
152	1.069844	
153	1.061860	
154	1.091305	
155	1.012799	
156	1.054779	
157	1.001707	
158	1.031481	
159	0.929477	
160	0.964549	
161	0.982470	
162	0.998582	
163	0.992751	
164	0.972783	
165	0.979295	
166	1.016083	
167	1.028036	
168	0.877793	
169	1.045345	
170	0.918816	
171	1.020245	
172	1.021375	
173	0.974164	
174	0.986647	
175	0.891665	
176	0.926983	
177	1.029372	
178	1.031510	
179	1.012198	
180	0.997109	
181	0.983224	
182	0.933785	
183	0.967175	
184	0.973837	
185	1.000510	
186	0.926033	
187	0.984513	
188	1.005392	
189	0.863642	
190	0.966873	
191	1.039699	
192	0.979713	
193	1.103059	
194	0.985259	
195	0.868144	
196	1.012278	
197	1.005150	
198	0.974151	
199	1.078094	
200	0.984746	
201	0.965789	
202	0.979997	
203	0.915605	
204	0.981040	
205	1.033184	
206	1.046092	
207	0.895978	
208	1.064875	
209	0.882264	
210	0.980955	
211	0.921729	
212	1.101055	
213	0.933171	
214	1.033997	
215	1.059183	
216	1.083443	
217	0.973880	
218	1.014239	
219	0.959005	
220	0.973259	
221	0.930859	
222	1.003265	
223	0.833833	
224	1.023890	
225	1.043583	
226	1.018146	
227	0.994372	
228	1.060874	
229	1.104825	
230	1.132369	
231	1.009137	
232	0.902702	
233	0.978420	
234	1.091624	
235	0.826526	
236	0.974457	
237	0.963420	
238	0.959638	
239	0.977422	
240	0.994458	
241	1.025496	
242	1.022409	
243	0.881400	
244	1.106580	
245	0.884203	
246	0.946916	
247	1.095262	
248	1.020378	
249	1.014871	
250	0.892087	
251	0.941675	
252	1.024160	
253	0.946318	
254	0.985786	
255	1.006377	
256	1.012170	
257	0.967357	
258	1.022305	
259	0.927363	
260	1.097320	
261	1.094671	
262	1.018762	
263	0.851224	
264	1.004354	
265	0.981607	
266	1.036319	
267	0.993657	
268	1.054010	
269	1.015154	
270	1.001292	
271	0.957677	
272	1.023893	
273	0.969422	
274	1.022088	
275	0.967303	
276	1.018061	
277	1.043401	
278	1.025183	
279	0.986366	
280	1.014448	
281	1.014785	
282	0.970074	
283	1.015565	
284	0.979771	
285	1.026030	
286	1.025218	
287	0.932174	
288	0.985376	
289	0.961937	
290	1.029283	
291	0.955704	
292	0.972951	
293	0.995946	
294	0.952610	
295	0.934844	
296	0.911641	
297	1.083043	
298	1.051816	
299	0.887355	
300	1.027578	
301	1.080719	
302	1.000599	
303	1.010186	
304	0.988421	
305	0.998840	
306	1.022959	
307	0.907188	
308	1.052246	
309	1.011492	
310	0.973606	
311	0.990913	
312	1.079457	
313	1.028752	
314	1.014289	
315	0.925418	
316	0.974691	
317	0.992857	
318	1.098137	
319	1.065628	
320	0.966610	
321	0.977578	
322	0.997071	
323	1.046831	
324	1.002450	
325	1.068415	
326	0.910188	
327	0.942426	
328	1.012874	
329	1.086952	
330	1.008968	
331	1.119910	
332	0.973888	
333	1.084779	
334	0.919031	
335	0.910397	
336	1.032603	
337	0.999536	
338	0.986121	
339	1.094220	
340	0.916885	
341	0.994497	
342	0.906590	
343	0.928349	
344	1.011565	
345	1.006812	
346	1.062873	
347	0.936654	
348	1.067944	
349	1.004848	
350	1.032267	
351	1.136152	
352	1.082387	
353	1.000905	
354	0.999130	
355	0.912279	
356	0.925461	
357	1.038878	
358	0.992237	
359	1.011941	
360	1.060560	
361	1.008653	
362	0.970325	
363	0.961387	
364	0.989196	
365	0.999623	
366	1.025082	
367	1.025492	
368	0.913297	
369	1.018388	
370	1.005207	
371	0.963259	
372	1.100666	
373	1.025366	
374	0.959876	
375	0.948783	
376	1.018156	
377	0.996985	
378	0.993089	
379	1.051066	
380	0.980730	
381	0.998890	
382	0.989875	
383	1.075526	
384	0.908500	
385	0.985706	
386	1.041336	
387	1.097691	
388	0.975415	
389	0.995163	
390	1.008144	
391	1.032150	
392	1.029466	
393	0.954003	
394	1.101302	
395	0.982604	
396	1.034229	
397	0.937984	
398	1.012202	
399	0.928426	
400	1.082839	
401	1.025732	
402	1.026428	
403	0.959192	
404	0.921016	
405	1.051469	
406	1.050776	
407	0.994260	
408	0.965334	
409	0.985055	
410	1.138733	
411	0.962536	
412	0.963734	
413	1.038428	
414	0.985389	
415	0.962561	
416	0.916819	
417	1.021355	
418	0.949907	
419	0.956440	
420	0.848570	
421	0.998120	
422	1.040686	
423	1.050360	
424	1.117566	
425	0.989366	
426	0.987768	
427	1.071121	
428	0.909460	
429	0.941983	
430	1.057538	
431	0.956677	
432	1.016530	
433	1.036366	
434	0.993346	
435	0.958170	
436	0.956824	
437	1.001929	
438	1.008803	
439	0.987355	
440	0.941178	
441	0.973042	
442	0.981252	
443	0.952249	
444	0.958521	
445	0.944472	
446	1.021029	
447	0.962642	
448	1.062626	
449	0.871583	
450	0.991549	
451	0.875212	
452	1.004286	
453	1.090443	
454	0.946655	
455	1.006370	
456	0.961096	
457	1.002626	
458	1.118254	
459	1.062898	
460	1.052373	
461	0.918560	
462	0.937923	
463	0.989010	
464	0.992170	
465	1.109848	
466	1.017496	
467	1.020996	
468	0.960222	
469	0.937950	
470	0.989126	
471	0.928797	
472	0.979295	
473	0.981106	
474	0.948291	
475	1.010071	
476	1.115244	
477	0.996680	
478	0.994080	
479	1.121015	
480	0.958342	
481	1.030849	
482	0.971400	
483	1.161876	
484	1.024762	
485	1.015716	
486	0.990276	
487	0.943049	
488	1.033914	
489	1.017958	
490	0.957815	
491	0.912637	
492	1.134880	
493	0.976762	
494	1.028656	
495	1.052971	
496	0.966375	
497	1.064158	
498	1.010574	
499	1.031902	
500	1.082638	
501	1.059602	
502	1.024884	
503	1.024524	
504	0.939940	
505	0.902857	
506	1.049460	
507	1.031794	
508	1.059283	
509	0.922018	
510	0.846340	
511	1.018463	
512	1.032574	
513	0.899150	
514	0.961613	
515	1.060921	
516	0.937945	
517	0.998865	
518	1.006056	
519	0.881275	
520	1.078091	
521	0.906840	
522	0.995994	
523	1.022535	
524	1.004621	
525	0.947264	
526	1.130659	
527	1.079413	
528	1.028619	
529	0.987757	
530	1.027127	
531	0.932738	
532	1.015764	
533	1.007878	
534	0.903422	
535	0.866124	
536	1.019383	
537	1.033492	
538	1.070587	
539	1.067837	
540	1.001339	
541	0.987857	
542	1.117117	
543	1.017502	
544	0.958491	
545	0.977497	
546	1.050094	
547	0.952089	
548	1.013776	
549	0.920389	
550	0.964408	
551	1.069741	
552	1.018725	
553	0.976675	
554	1.022586	
555	1.000156	
556	0.944729	
557	0.997154	
558	0.932209	
559	0.985142	
560	1.052915	
561	0.966693	
562	1.004451	
563	1.037167	
564	0.994546	
565	0.957067	
566	1.027294	
567	1.029266	
568	1.003028	
569	0.974773	
570	0.981801	
571	0.940155	
572	0.932827	
573	1.066611	
574	0.986632	
575	0.952118	
576	1.045857	
577	1.043038	
578	1.036722	
579	1.000930	
580	1.084914	
581	1.087693	
582	1.018347	
583	1.085849	
584	1.058507	
585	1.008211	
586	0.977426	
587	1.023545	
588	0.987163	
589	0.964716	
590	1.009853	
591	1.024533	
592	0.932457	
593	0.995142	
594	0.922856	
595	1.037438	
596	1.001985	
597	0.969519	
598	1.048771	
599	1.010118	
600	1.012953	
601	1.004218	
602	1.028217	
603	0.992505	
604	0.936688	
605	0.991524	
606	1.060920	
607	0.976716	
608	1.027327	
609	0.932446	
610	1.012984	
611	0.991602	
612	1.014551	
613	0.972681	
614	1.011062	
615	0.989653	
616	0.974234	
617	1.060480	
618	1.036301	
619	1.046458	
620	0.957836	
621	1.009517	
622	1.132826	
623	0.966786	
624	0.915921	
625	0.998785	
626	0.988864	
627	0.997006	
628	1.095748	
629	0.937200	
630	0.973788	
631	0.874091	
632	0.970950	
633	1.131952	
634	0.911240	
635	0.877027	
636	0.955567	
637	1.060659	
638	0.933376	
639	1.011199	
640	1.043241	
641	1.055396	
642	1.017860	
643	0.932415	
644	0.999105	
645	0.994195	
646	0.997670	
647	1.041873	
648	1.053944	
649	0.910435	
650	0.911586	
651	1.020252	
652	0.877541	
653	1.063505	
654	0.899558	
655	0.982716	
656	1.002299	
657	0.975028	
658	0.981439	
659	1.026234	
660	0.974199	
661	0.967571	
662	1.083318	
663	0.972698	
664	1.052854	
665	0.936528	
666	0.952622	
667	1.024973	
668	0.984985	
669	0.981640	
670	1.083852	
671	1.011912	
672	1.039967	
673	0.947341	
674	0.916524	
675	1.001174	
676	0.923106	
677	0.976217	
678	1.011909	
679	1.021909	
680	1.061537	
681	1.037496	
682	0.903698	
683	0.971419	
684	0.858498	
685	0.980114	
686	0.983542	
687	0.929744	
688	1.022667	
689	1.018805	
690	0.938092	
691	0.967774	
692	1.028311	
693	0.904150	
694	1.036529	
695	1.000637	
696	1.007538	
697	1.092871	
698	1.007038	
699	1.095062	
700	0.988420	
701	1.071726	
702	0.965145	
703	0.988265	
704	1.008454	
705	1.032365	
706	1.054066	
707	1.021486	
708	1.008340	
709	1.003958	
710	0.953406	
711	0.989493	
712	0.975952	
713	0.977179	
714	0.980414	
715	0.985583	
716	1.106119	
717	0.998768	
718	1.026377	
719	0.963107	
720	0.942329	
721	1.022763	
722	0.925700	
723	1.006865	
724	0.906128	
725	0.904224	
726	0.960159	
727	0.988823	
728	0.976373	
729	1.099265	
730	1.050106	
731	1.101108	
732	0.926431	
733	0.978570	
734	0.899962	
735	1.024513	
736	1.024782	
737	1.005803	
738	1.027129	
739	1.036131	
740	0.966228	
741	0.997462	
742	1.011412	
743	0.990932	
744	1.054435	
745	0.984673	
746	0.952070	
747	0.909189	
748	1.054516	
749	1.006765	
750	0.986084	
751	1.023332	
752	1.042087	
753	0.978421	
754	0.991827	
755	0.985330	
756	1.067967	
757	1.047879	
758	1.030089	
759	0.958234	
760	1.104166	
761	0.974720	
762	1.072730	
763	1.010947	
764	0.995438	
765	0.993817	
766	1.054881	
767	0.964604	
768	0.931600	
769	0.982712	
770	0.899254	
771	0.978967	
772	0.978126	
773	1.146593	
774	1.111637	
775	0.885550	
776	1.030724	
777	1.015671	
778	0.948366	
779	0.977000	
780	1.038248	
781	1.077572	
782	1.141386	
783	0.981865	
784	0.991531	
785	0.946407	
786	1.072363	
787	1.094061	
788	0.942443	
789	1.012446	
790	1.003279	
791	1.063062	
792	1.050582	
793	1.061052	
794	0.959720	
795	1.013524	
796	1.108516	
797	1.033668	
798	0.972956	
799	1.017737	
800	0.981407	
801	1.016929	
802	1.027559	
803	0.895747	
804	0.993804	
805	0.927570	
806	1.108334	
807	0.922115	
808	0.925662	
809	1.032414	
810	0.925895	
811	1.008673	
812	1.075439	
813	0.985317	
814	0.935056	
815	0.931891	
816	0.969934	
817	1.029460	
818	1.066730	
819	0.993940	
820	1.033234	
821	1.082520	
822	1.106369	
823	0.985757	
824	0.966665	
825	1.074637	
826	0.949231	
827	0.843237	
828	1.054101	
829	1.092065	
830	0.963459	
831	1.094430	
832	0.966645	
833	0.978820	
834	1.023284	
835	0.956029	
836	0.937731	
837	0.979742	
838	1.024114	
839	0.952119	
840	1.016913	
841	0.990873	
842	0.925206	
843	1.034750	
844	0.962220	
845	0.957327	
846	1.031549	
847	0.979596	
848	1.032927	
849	0.994833	
850	0.917445	
851	1.009039	
852	0.936118	
853	1.018239	
854	0.926641	
855	1.069249	
856	1.047263	
857	0.995250	
858	1.179637	
859	0.890997	
860	1.036987	
861	0.956372	
862	0.975061	
863	0.999730	
864	1.072856	
865	0.994922	
866	1.074558	
867	0.949844	
868	0.994535	
869	1.108417	
870	1.047739	
871	1.074565	
872	0.986529	
873	1.053315	
874	1.045841	
875	0.908147	
876	0.931644	
877	1.041127	
878	0.970246	
879	0.902029	
880	1.024540	
881	1.095060	
882	0.992722	
883	0.894049	
884	0.929733	
885	0.964035	
886	1.073236	
887	1.173153	
888	0.979082	
889	1.021905	
890	0.892517	
891	1.031081	
892	1.045359	
893	1.055161	
894	1.023163	
895	0.983970	
896	0.926411	
897	1.019782	
898	0.929403	
899	0.989913	
900	1.040969	
901	0.977272	
902	0.998043	
903	0.931193	
904	1.021774	
905	0.922121	
906	0.983698	
907	1.032838	
908	1.019807	
909	0.977649	
910	0.989232	
911	0.989384	
912	1.063082	
913	0.950937	
914	1.077453	
915	1.014791	
916	0.918415	
917	1.010523	
918	0.986242	
919	1.016189	
920	0.900436	
921	1.005435	
922	1.016654	
923	1.013646	
924	0.913017	
925	1.040615	
926	0.948080	
927	0.951323	
928	1.031011	
929	1.028166	
930	1.041667	
931	1.072353	
932	0.950759	
933	0.989977	
934	1.022528	
935	0.973693	
936	1.050282	
937	1.028032	
938	0.941895	
939	0.982848	
940	0.987834	
941	1.045407	
942	0.950357	
943	1.064447	
944	0.939367	
945	1.065458	
946	1.036527	
947	1.119380	
948	0.961350	
949	1.048718	
950	1.022250	
951	1.000044	
952	0.988594	
953	0.979875	
954	0.978895	
955	0.979217	
956	1.041644	
957	0.934178	
958	1.058721	
959	1.063093	
960	1.069471	
961	0.967786	
962	0.997162	
963	0.972876	
964	0.901355	
965	1.017653	
966	1.071822	
967	0.987291	
968	1.011444	
969	0.895827	
970	1.021713	
971	0.943896	
972	0.923798	
973	0.967210	
974	0.957686	
975	0.976236	
976	0.936278	
977	1.025631	
978	0.919858	
979	0.998908	
980	0.947582	
981	0.887143	
982	0.909538	
983	0.865455	
984	0.956242	
985	1.051385	
986	0.951936	
987	1.001737	
988	1.082139	
989	0.974236	
990	0.972304	
991	1.016944	
992	1.038009	
993	1.016764	
994	1.007763	
995	0.965451	
996	0.898009	
997	0.934837	
998	1.030111	
999	1.023391	
1000	0.902563	
1001	1.045685	
1002	1.028391	
1003	1.034883	
1004	0.986936	
1005	1.098981	
1006	0.989248	
1007	0.875213	
1008	1.014922	
1009	0.890890	
1010	1.010801	
1011	1.016461	
1012	1.012418	
1013	0.996124	
1014	1.008061	
1015	1.012859	
1016	1.035093	
1017	0.965262	
1018	1.015777	
1019	1.015701	
1020	0.990132	
1021	0.989787	
1022	1.048081	
1023	1.021316	
1024	1.127565	
1025	0.955238	
1026	0.914723	
1027	1.022214	
1028	1.043716	
1029	1.028822	
1030	1.040911	
1031	0.854417	
1032	1.019299	
1033	0.991519	
1034	1.001410	
1035	1.086972	
1036	0.941781	
1037	1.106478	
1038	0.979704	
1039	0.880232	
1040	1.005717	
1041	0.959192	
1042	0.992420	
1043	0.948134	
1044	0.936186	
1045	1.014592	
1046	1.049547	
1047	1.024017	
1048	0.996503	
1049	1.064483	
1050	0.989773	
1051	1.001053	
1052	0.954303	
1053	1.043194	
1054	0.956515	
1055	1.017961	
1056	0.960195	
1057	1.058628	
1058	0.993158	
1059	0.977606	
1060	1.015318	
1061	1.003687	
1062	1.010859	
1063	0.989649	
1064	1.100665	
1065	0.990055	
1066	0.989884	
1067	1.065819	
1068	1.065524	
1069	0.958391	
1070	0.917554	
1071	0.999650	
1072	0.967443	
1073	1.099960	
1074	0.980009	
1075	0.973115	
1076	1.010825	
1077	0.900000	
1078	0.978526	
1079	0.986350	
1080	0.956031	
1081	0.954121	
1082	1.079917	
1083	0.943588	
1084	0.993994	
1085	1.089873	
1086	0.932487	
1087	0.905592	
1088	0.971396	
1089	1.003352	
1090	0.965841	
1091	0.971782	
1092	1.043664	
1093	1.015815	
1094	1.014856	
1095	0.980391	
1096	0.951626	
1097	0.910636	
1098	0.896599	
1099	1.029625	
1100	0.972211	
1101	0.987669	
1102	1.012802	
1103	0.975829	
1104	1.044471	
1105	0.970888	
1106	1.082759	
1107	0.991663	
1108	1.083789	
1109	0.911691	
1110	1.015131	
1111	1.040908	
1112	0.989000	
1113	1.078911	
1114	0.970526	
1115	0.980440	
1116	1.028098	
1117	1.086450	
1118	0.967525	
1119	1.006880	
1120	1.025630	
1121	0.985616	
1122	0.967614	
1123	0.982729	
1124	0.966992	
1125	1.004382	
1126	0.997984	
1127	0.965797	
1128	1.015179	
1129	1.060300	
1130	0.893091	
1131	1.063991	
1132	1.068692	
1133	0.984229	
1134	1.111972	
1135	1.004466	
1136	0.990797	
1137	1.101552	
1138	0.919797	
1139	1.054965	
1140	1.061738	
1141	0.995375	
1142	1.007119	
1143	1.049638	
1144	0.992955	
1145	0.995939	
1146	0.998922	
1147	1.085372	
1148	1.103181	
1149	0.918025	
1150	1.045893	
1151	1.012610	
1152	1.035481	
1153	0.955576	
1154	0.911505	
1155	0.970125	
1156	0.914600	
1157	1.020386	
1158	0.968633	
1159	1.112055	
1160	0.956853	
1161	0.932603	
1162	0.982863	
1163	0.893835	
1164	0.934625	
1165	0.953387	
1166	1.030985	
1167	0.984328	
1168	1.023507	
1169	1.101750	
1170	0.939953	
1171	0.884599	
1172	1.093915	
1173	1.025190	
1174	0.890526	
1175	0.887682	
1176	1.054497	
1177	1.084600	
1178	1.168512	
1179	0.993637	
1180	1.013207	
1181	0.988545	
1182	1.147524	
1183	0.909371	
1184	1.017015	
1185	0.985386	
1186	1.016393	
1187	1.098957	
1188	0.985777	
1189	1.066094	
1190	1.001778	
1191	0.989286	
1192	0.971031	
1193	1.026054	
1194	1.064318	
1195	0.985174	
1196	1.089853	
1197	1.023764	
1198	1.028169	
1199	0.930357	
1200	1.016914	
1201	1.084822	
1202	0.959433	
1203	0.919541	
1204	1.101535	
1205	0.901704	
1206	1.045459	
1207	1.014032	
1208	1.005748	
1209	1.074473	
1210	1.030427	
1211	0.930399	
1212	1.006627	
1213	0.932006	
1214	0.898443	
1215	1.020351	
1216	0.917758	
1217	1.078649	
1218	1.082911	
1219	0.994556	
1220	1.125463	
1221	0.901506	
1222	1.026620	
1223	1.039158	
1224	1.001701	
1225	1.003573	
1226	1.001479	
1227	1.108040	
1228	1.052066	
1229	0.998695	
1230	1.023522	
1231	1.005084	
1232	0.956079	
1233	1.015714	
1234	1.096798	
1235	1.027383	
1236	0.968829	
1237	1.016622	
1238	0.993209	
1239	1.023231	
1240	1.099019	
1241	1.038610	
1242	0.980981	
1243	1.024573	
1244	0.951427	
1245	0.988751	
1246	1.021612	
1247	1.026248	
1248	0.997050	
1249	1.046284	
1250	1.094952	
1251	1.013012	
1252	0.984207	
1253	1.030266	
1254	1.003391	
1255	0.958683	
1256	0.882323	
1257	0.983277	
1258	0.995071	
1259	1.079851	
1260	0.915414	
1261	1.085088	
1262	1.010394	
1263	1.002877	
1264	0.984252	
1265	0.922956	
1266	1.003743	
1267	1.066644	
1268	1.005786	
1269	1.046621	
1270	1.007980	
1271	0.993236	
1272	1.027371	
1273	1.044822	
1274	0.891735	
1275	0.999294	
1276	1.096757	
1277	0.990515	
1278	1.080313	
1279	0.984848	
1280	0.997756	
1281	1.009675	
1282	1.004085	
1283	0.985781	
1284	0.900813	
1285	0.932579	
1286	0.976852	
1287	0.986960	
1288	1.056760	
1289	0.973132	
1290	1.031641	
1291	0.925189	
1292	0.974686	
1293	1.002271	
1294	0.935290	
1295	0.929507	
1296	0.945397	
1297	1.011225	
1298	1.016682	
1299	1.031823	
1300	0.985451	
1301	0.886189	
1302	1.028738	
1303	0.994854	
1304	1.013315	
1305	0.974957	
1306	1.020748	
1307	0.972535	
1308	0.969744	
1309	1.007388	
1310	0.960080	
1311	1.061036	
1312	0.969067	
1313	1.038948	
1314	1.019823	
1315	1.100411	
1316	0.998094	
1317	0.988831	
1318	1.075857	
1319	0.971967	
1320	1.041697	
1321	0.900003	
1322	1.005846	
1323	0.977949	
1324	0.948001	
1325	0.912824	
1326	0.972328	
1327	0.992489	
1328	0.955925	
1329	0.993135	
1330	1.071198	
1331	1.100781	
1332	0.946036	
1333	1.015048	
1334	0.934343	
1335	0.959620	
1336	0.941730	
1337	0.890927	
1338	1.079309	
1339	0.982517	
1340	0.985995	
1341	0.954360	
1342	1.045268	
1343	0.984868	
1344	1.024236	
1345	1.041527	
1346	0.914409	
1347	0.999908	
1348	0.896124	
1349	0.994477	
1350	1.048150	
1351	1.077024	
1352	0.975701	
1353	1.065836	
1354	0.987226	
1355	1.082922	
1356	0.966117	
1357	1.094122	
1358	0.973496	
1359	1.006648	
1360	0.992141	
1361	0.975780	
1362	0.952864	
1363	1.070481	
1364	1.000151	
1365	0.916198	
1366	0.904145	
1367	1.009160	
1368	0.997501	
1369	1.105748	
1370	1.015810	
1371	1.053585	
1372	0.904297	
1373	0.955585	
1374	1.008548	
1375	1.013108	
1376	1.034373	
1377	1.056698	
1378	0.967732	
1379	1.003833	
1380	0.918025	
1381	0.985086	
1382	1.016988	
1383	1.064470	
1384	0.950366	
1385	1.071248	
1386	0.977498	
1387	0.988592	
1388	0.890951	
1389	0.996804	
1390	0.940257	
1391	0.985327	
1392	1.037643	
1393	1.031697	
1394	0.980026	
1395	0.941946	
1396	0.944362	
1397	1.001684	
1398	1.012632	
1399	0.971987	
1400	1.075405	
1401	1.025577	
1402	1.024244	
1403	0.949424	
1404	1.010510	
1405	1.157363	
1406	1.013052	
1407	0.963239	
1408	1.019351	
1409	0.947988	
1410	0.970510	
1411	1.013965	
1412	0.990816	
1413	1.021651	
1414	0.952622	
1415	0.902126	
1416	1.005712	
1417	0.905692	
1418	1.069120	
1419	0.920506	
1420	1.015145	
1421	0.962835	
1422	0.997553	
1423	1.005394	
1424	0.949777	
1425	1.112921	
1426	0.963419	
1427	0.999065	
1428	1.064303	
1429	1.058185	
1430	0.973510	
1431	0.945087	
1432	0.951268	
1433	0.999321	
1434	0.888937	
1435	1.051748	
1436	0.962499	
1437	0.920886	
1438	1.092537	
1439	1.076039	
1440	0.982139	
1441	1.107245	
1442	0.910267	
1443	0.972887	
1444	1.039115	
1445	1.011914	
1446	1.095338	
1447	1.000507	
1448	1.126452	
1449	0.885394	
1450	0.916112	
1451	1.002954	
1452	1.020707	
1453	1.080086	
1454	1.018919	
1455	0.960106	
1456	0.934150	
1457	1.032623	
1458	1.017872	
1459	0.954902	
1460	0.974199	
1461	1.172680	
1462	1.019680	
1463	0.983195	
1464	0.905320	
1465	0.989541	
1466	1.044278	
1467	1.089529	
1468	1.031812	
1469	1.022223	
1470	1.120636	
1471	1.066438	
1472	1.013059	
1473	0.970993	
1474	1.001046	
1475	1.007259	
1476	0.998431	
1477	0.940966	
1478	1.062941	
1479	0.991269	
1480	0.984948	
1481	0.989608	
1482	1.062966	
1483	0.993030	
1484	0.992461	
1485	1.099479	
1486	1.014943	
1487	1.042330	
1488	0.981049	
1489	1.119676	
1490	0.955979	
1491	0.934845	
1492	0.960369	
1493	0.974751	
1494	1.064011	
1495	0.987324	
1496	1.079822	
1497	0.976078	
1498	1.012534	
1499	1.017035	
1500	0.972673	
1501	1.090326	
1502	0.874912	
1503	1.027853	
1504	1.058401	
1505	0.958816	
1506	0.994706	
1507	0.943844	
1508	0.973628	
1509	0.897702	
1510	0.996954	
1511	1.056814	
1512	1.045420	
1513	1.056733	
1514	1.016036	
1515	0.920093	
1516	1.085052	
1517	1.029893	
1518	0.924179	
1519	0.980659	
1520	0.902476	
1521	0.993169	
1522	0.918280	
1523	1.008890	
1524	0.977113	
1525	1.035047	
1526	1.000915	
1527	0.969691	
1528	0.961481	
1529	0.922961	
1530	1.000147	
1531	0.954403	
1532	1.044482	
1533	1.102616	
1534	1.005519	
1535	0.991169	
1536	0.923723	
1537	0.990515	
1538	0.971980	
1539	0.980777	
1540	1.010386	
1541	0.954099	
1542	1.141628	
1543	0.994268	
1544	0.955721	
1545	0.991378	
1546	0.980310	
1547	1.054843	
1548	1.021735	
1549	0.980913	
1550	0.925155	
1551	1.001278	
1552	0.959763	
1553	1.017031	
1554	0.990697	
1555	0.883679	
1556	0.999136	
1557	0.987196	
1558	0.987001	
1559	0.975786	
1560	1.033819	
1561	1.025648	
1562	1.026328	
1563	0.937967	
1564	1.051542	
1565	0.964261	
1566	1.123188	
1567	0.971165	
1568	1.082334	
1569	1.045771	
1570	0.947489	
1571	0.927850	
1572	1.042671	
1573	0.915561	
1574	1.016628	
1575	1.014063	
1576	0.977801	
1577	0.919408	
1578	1.017476	
1579	0.989486	
1580	0.997092	
1581	0.986513	
1582	0.984468	
1583	0.994289	
1584	0.929763	
1585	0.991542	
1586	1.004106	
1587	1.005510	
1588	0.893101	
1589	1.039770	
1590	0.932518	
1591	1.001616	
1592	0.999898	
1593	1.019760	
1594	0.966341	
1595	0.893819	
1596	0.992690	
1597	0.985735	
1598	1.046985	
1599	0.943696	
1600	1.031348	
1601	0.944442	
1602	0.986303	
1603	1.017056	
1604	1.027863	
1605	1.071700	
1606	0.955902	
1607	1.058323	
1608	1.036377	
1609	1.100782	
1610	1.007093	
1611	1.015511	
1612	0.986066	
1613	0.924325	
1614	0.927381	
1615	1.015655	
1616	1.013499	
1617	0.932149	
1618	0.920358	
1619	1.079555	
1620	1.004136	
1621	0.983978	
1622	0.963994	
1623	1.034972	
1624	1.029044	
1625	1.043822	
1626	1.006069	
1627	0.980880	
1628	0.980454	
1629	1.020394	
1630	0.998892	
1631	1.029171	
1632	0.995628	
1633	1.102580	
1634	1.053194	
1635	0.995631	
1636	1.025061	
1637	1.031947	
1638	0.989718	
1639	1.018558	
1640	0.980242	
1641	1.089122	
1642	1.076123	
1643	1.022702	
1644	1.017726	
1645	1.062404	
1646	1.012165	
1647	0.906907	
1648	0.975838	
1649	1.012586	
1650	1.029660	
1651	1.016117	
1652	1.141250	
1653	0.990945	
1654	1.078799	
1655	1.009334	
1656	1.011845	
1657	0.995484	
1658	0.985822	
1659	0.978040	
1660	0.909442	
1661	1.036422	
1662	1.054798	
1663	1.057857	
1664	0.973291	
1665	0.981377	
1666	1.045746	
1667	0.922647	
1668	0.938556	
1669	0.993920	
1670	1.009618	
1671	0.974032	
1672	1.007113	
1673	0.926710	
1674	0.959322	
1675	0.991078	
1676	0.877710	
1677	0.998852	
1678	1.000524	
1679	0.900956	
1680	1.089102	
1681	0.986607	
1682	1.095603	
1683	0.967545	
1684	1.001745	
1685	1.075770	
1686	1.001552	
1687	0.920564	
1688	0.916263	
1689	0.931049	
1690	1.065833	
1691	0.900979	
1692	1.107500	
1693	0.989713	
1694	0.921316	
1695	0.942064	
1696	0.988353	
1697	0.952726	
1698	0.986900	
1699	1.117396	
1700	0.986398	
1701	1.126366	
1702	1.039379	
1703	0.929291	
1704	1.073184	
1705	0.979515	
1706	1.074656	
1707	0.953664	
1708	1.052365	
1709	0.886379	
1710	0.988211	
1711	0.985557	
1712	1.097616	
1713	1.034883	
1714	0.964285	
1715	0.992243	
1716	1.035657	
1717	0.984343	
1718	0.973939	
1719	0.993983	
1720	1.042262	
1721	0.947289	
1722	1.026981	
1723	1.032228	
1724	0.906167	
1725	0.980331	
1726	0.912811	
1727	1.072939	
1728	1.013224	
1729	0.917536	
1730	1.013587	
1731	0.992302	
1732	1.033284	
1733	0.970056	
1734	1.034125	
1735	1.012417	
1736	0.996184	
1737	1.036271	
1738	0.991820	
1739	0.956365	
1740	0.949691	
1741	0.921744	
1742	0.992153	
1743	1.020753	
1744	1.004879	
1745	0.978546	
1746	0.959931	
1747	0.878401	
1748	1.022675	
1749	0.997623	
1750	1.113090	
1751	0.980704	
1752	1.003441	
1753	0.919501	
1754	0.879755	
1755	1.059603	
1756	0.912009	
1757	0.943806	
1758	0.951475	
1759	1.003315	
1760	0.945951	
1761	0.970837	
1762	1.028520	
1763	0.975770	
1764	1.071168	
1765	0.962009	
1766	0.907330	
1767	0.993072	
1768	0.938589	
1769	1.079843	
1770	0.966159	
1771	1.064685	
1772	0.899323	
1773	0.942135	
1774	1.056143	
1775	0.874273	
1776	1.152129	
1777	1.003347	
1778	1.028184	
1779	1.032315	
1780	1.005898	
1781	0.973270	
1782	0.941536	
1783	1.022075	
1784	0.992016	
1785	0.991070	
1786	0.948427	
1787	1.003492	
1788	0.964488	
1789	0.979340	
1790	0.971008	
1791	1.049508	
1792	1.058914	
1793	1.017352	
1794	0.969461	
1795	1.010217	
1796	1.060124	
1797	0.931902	
1798	1.051934	
1799	1.056013	
1800	0.996589	
1801	0.912180	
1802	1.002970	
1803	0.999437	
1804	1.053909	
1805	0.988482	
1806	0.944781	
1807	1.104887	
1808	0.970737	
1809	0.943026	
1810	1.061672	
1811	1.066511	
1812	0.923974	
1813	1.088102	
1814	0.964273	
1815	0.947063	
1816	0.993369	
1817	1.089045	
1818	0.983921	
1819	1.109064	
1820	1.020835	
1821	1.012804	
1822	1.012964	
1823	0.973816	
1824	1.078909	
1825	0.991380	
1826	0.968052	
1827	1.044588	
1828	1.004647	
1829	1.038470	
1830	1.035741	
1831	0.948396	
1832	1.052566	
1833	0.913838	
1834	0.971749	
1835	1.000226	
1836	1.046048	
1837	1.026438	
1838	1.026464	
1839	1.000996	
1840	1.020029	
1841	0.960772	
1842	1.095134	
1843	1.076593	
1844	1.017775	
1845	0.994484	
1846	1.007592	
1847	0.992322	
1848	0.989726	
1849	0.982323	
1850	0.995989	
1851	1.072333	
1852	1.002211	
1853	1.039538	
1854	0.950134	
1855	0.986931	
1856	0.990970	
1857	1.014453	
1858	1.013188	
1859	1.063911	
1860	0.998210	
1861	1.003245	
1862	0.888762	
1863	0.910298	
1864	1.002056	
1865	1.082942	
1866	0.974885	
1867	1.003490	
1868	0.883623	
1869	1.044478	
1870	0.935481	
1871	0.968945	
1872	1.050429	
1873	0.983792	
1874	0.973972	
1875	0.994900	
1876	0.992446	
1877	0.934402	
1878	1.034930	
1879	1.000519	
1880	1.023139	
1881	1.044020	
1882	1.018665	
1883	1.004960	
1884	1.021876	
1885	1.081136	
1886	0.939426	
1887	0.999769	
1888	0.979544	
1889	1.033540	
1890	0.961262	
1891	1.082225	
1892	0.981295	
1893	1.007690	
1894	0.996143	
1895	0.993940	
1896	0.994718	
1897	0.907381	
1898	1.109763	
1899	0.972143	
1900	1.010773	
1901	0.934551	
1902	0.929567	
1903	1.015961	
1904	1.044073	
1905	0.928267	
1906	0.972038	
1907	0.982922	
1908	1.004325	
1909	1.013456	
1910	1.055504	
1911	1.047783	
1912	1.022934	
1913	1.044992	
1914	1.122139	
1915	0.993026	
1916	0.882966	
1917	0.993535	
1918	1.090108	
1919	1.007051	
1920	1.024176	
1921	1.123033	
1922	0.958156	
1923	1.012797	
1924	1.051328	
1925	1.011345	
1926	0.991533	
1927	1.030214	
1928	0.993295	
1929	1.147930	
1930	0.953255	
1931	1.003524	
1932	0.996178	
1933	0.953796	
1934	1.005863	
1935	1.005254	
1936	1.104166	
1937	1.115340	
1938	0.995742	
1939	1.012663	
1940	1.006461	
1941	1.101504	
1942	1.179301	
1943	1.061590	
1944	1.027685	
1945	0.994013	
1946	0.949041	
1947	0.957593	
1948	0.933689	
1949	0.997795	
1950	1.064292	
1951	1.030876	
1952	1.017699	
1953	0.935625	
1954	0.958592	
1955	0.981683	
1956	1.010556	
1957	1.110103	
1958	0.989244	
1959	0.891574	
1960	1.017173	
1961	0.914090	
1962	1.084606	
1963	1.027231	
1964	1.002958	
1965	1.106840	
1966	1.092022	
1967	0.981320	
1968	1.085449	
1969	0.979170	
1970	0.970794	
1971	0.936543	
1972	0.960579	
1973	1.021602	
1974	0.971565	
1975	0.914440	
1976	1.015443	
1977	0.997082	
1978	1.004297	
1979	0.999437	
1980	1.046605	
1981	1.016043	
1982	0.990848	
1983	1.060561	
1984	1.018232	
1985	0.953932	
1986	1.085941	
1987	1.058356	
1988	0.911497	
1989	1.018096	
1990	1.019243	
1991	0.914389	
1992	0.946626	
1993	0.917006	
1994	1.060391	
1995	1.010415	
1996	0.997342	
1997	0.907301	
1998	0.954171	
1999	1.068036	
2000	0.966790	
2001	1.027431	
2002	1.045963	
2003	1.006862	
2004	0.981658	
2005	0.951053	
2006	1.013263	
2007	0.939371	
2008	1.139407	
2009	0.982786	
2010	0.998008	
2011	0.895656	
2012	1.022609	
2013	1.025458	
2014	0.953930	
2015	1.001011	
2016	1.055534	
2017	0.925211	
2018	0.886465	
2019	1.015166	
2020	1.087315	
2021	0.929465	
2022	1.030866	
2023	1.033224	
2024	0.961545	
2025	0.904311	
2026	0.997263	
2027	1.078106	
2028	1.047709	
2029	1.001531	
2030	1.001389	
2031	0.987115	
2032	1.015000	
2033	1.003461	
2034	0.956859	
2035	1.081321	
2036	1.013132	
2037	0.940552	
2038	0.922339	
2039	1.106836	
2040	0.991124	
2041	1.011825	
2042	0.949432	
2043	1.046072	
2044	0.992278	
2045	0.982269	
2046	0.979905	
2047	0.941223	
2048	0.980405	
2049	0.995042	
2050	0.922496	
2051	1.079374	
2052	0.997385	
2053	0.993134	
2054	1.011010	
2055	0.990255	
2056	1.057998	
2057	1.028193	
2058	1.054507	
2059	1.031162	
2060	0.882876	
2061	1.052156	
2062	1.077223	
2063	1.062496	
2064	1.059285	
2065	1.021050	
2066	0.995265	
2067	0.942517	
2068	0.918921	
2069	0.920027	
2070	0.953734	
2071	0.903960	
2072	0.977200	
2073	1.035208	
2074	1.003354	
2075	1.039706	
2076	0.981661	
2077	1.080173	
2078	1.006732	
2079	0.986120	
2080	0.978944	
2081	1.025466	
2082	0.966810	
2083	1.084910	
2084	1.052235	
2085	0.954278	
2086	0.970116	
2087	0.984780	
2088	1.023422	
2089	1.032416	
2090	1.038985	
2091	1.023263	
2092	1.157231	
2093	1.023721	
2094	0.891747	
2095	0.944843	
2096	0.992398	
2097	1.062173	
2098	1.030402	
2099	0.851956	
2100	1.048616	
2101	1.086474	
2102	1.020434	
2103	1.003603	
2104	0.991007	
2105	0.972365	
2106	0.972564	
2107	1.054776	
2108	0.993143	
2109	1.014623	
2110	0.972307	
2111	0.952861	
2112	1.089654	
2113	1.015194	
2114	0.969718	
2115	1.022576	
2116	1.007739	
2117	0.992342	
2118	0.992628	
2119	1.035780	
2120	1.134098	
2121	0.970990	
2122	1.009938	
2123	0.998825	
2124	0.973969	
2125	0.981643	
2126	1.007128	
2127	1.011719	
2128	1.031290	
2129	0.970854	
2130	0.876263	
2131	1.021556	
2132	1.066774	
2133	0.961057	
2134	0.946949	
2135	1.092855	
2136	0.993553	
2137	1.017013	
2138	0.924233	
2139	0.954964	
2140	1.053246	
2141	1.049016	
2142	0.998047	
2143	1.051878	
2144	0.935259	
2145	0.968737	
2146	0.948464	
2147	1.068852	
2148	1.061679	
2149	1.039134	
2150	1.118266	
2151	1.075671	
2152	0.999459	
2153	1.078454	
2154	1.079448	
2155	0.973480	
2156	0.962471	
2157	1.036175	
2158	0.958602	
2159	0.983769	
2160	0.961321	
2161	1.013364	
2162	1.058602	
2163	1.004307	
2164	0.966516	
2165	0.889089	
2166	0.938094	
2167	0.988796	
2168	0.938160	
2169	1.065774	
2170	0.986371	
2171	1.027905	
2172	1.004367	
2173	1.069898	
2174	0.984874	
2175	0.996433	
2176	0.978942	
2177	0.990173	
2178	0.991277	
2179	1.019727	
2180	1.007296	
2181	0.968069	
2182	0.896315	
2183	0.994245	
2184	0.975359	
2185	0.980289	
2186	0.999889	
2187	1.041216	
2188	1.078612	
2189	0.978066	
2190	1.008835	
2191	1.028595	
2192	1.019866	
2193	0.959624	
2194	0.874590	
2195	0.918613	
2196	0.921637	
2197	0.959076	
2198	0.939496	
2199	0.950322	
2200	0.923186	
2201	1.021279	
2202	0.981578	
2203	0.955615	
2204	1.004235	
2205	1.038643	
2206	1.032179	
2207	0.985003	
2208	1.081130	
2209	0.991736	
2210	0.892535	
2211	1.069654	
2212	0.891522	
2213	0.939690	
2214	0.980533	
2215	1.056019	
2216	0.989534	
2217	1.168798	
2218	0.994262	
2219	1.073578	
2220	0.902186	
2221	0.912506	
2222	1.012722	
2223	1.098838	
2224	1.014230	
2225	0.951636	
2226	0.976608	
2227	1.072233	
2228	1.009866	
2229	0.988599	
2230	0.954501	
2231	1.003264	
2232	0.979497	
2233	0.907034	
2234	0.988066	
2235	1.000145	
2236	0.948196	
2237	0.908622	
2238	0.991750	
2239	1.024824	
2240	0.996640	
2241	1.038297	
2242	0.983568	
2243	0.906361	
2244	1.046970	
2245	0.937735	
2246	0.982284	
2247	0.964366	
2248	1.020551	
2249	0.991654	
2250	1.051248	
2251	1.078164	
2252	1.047347	
2253	0.926737	
2254	0.942428	
2255	0.998287	
2256	1.070892	
2257	1.051725	
2258	0.939347	
2259	1.005357	
2260	0.977338	
2261	0.917951	
2262	0.938023	
2263	1.022644	
2264	1.020100	
2265	1.016069	
2266	0.984259	
2267	0.965883	
2268	0.996517	
2269	0.965208	
2270	1.002700	
2271	0.965775	
2272	1.067978	
2273	1.032332	
2274	1.034502	
2275	0.974485	
2276	0.923259	
2277	0.979181	
2278	1.036694	
2279	1.029087	
2280	0.991684	
2281	1.005082	
2282	1.054871	
2283	1.136090	
2284	1.015945	
2285	0.987702	
2286	0.984956	
2287	0.928329	
2288	0.989693	
2289	0.990724	
2290	0.989377	
2291	0.985037	
2292	0.953572	
2293	1.033505	
2294	0.999971	
2295	1.097161	
2296	0.933132	
2297	1.092603	
2298	0.985574	
2299	0.893907	
2300	1.088800	
2301	1.028565	
2302	0.956956	
2303	0.973517	
2304	0.966356	
2305	1.021249	
2306	0.953266	
2307	1.024517	
2308	0.948488	
2309	0.992963	
2310	0.993607	
2311	1.060651	
2312	0.986643	
2313	0.991762	
2314	0.977686	
2315	1.053708	
2316	1.071397	
2317	1.025594	
2318	1.057668	
2319	0.910439	
2320	1.141918	
2321	0.957422	
2322	0.973541	
2323	1.108555	
2324	0.960444	
2325	1.025330	
2326	1.021001	
2327	1.018907	
2328	0.959669	
2329	1.083896	
2330	0.945257	
2331	0.864238	
2332	1.021427	
2333	0.966892	
2334	0.988815	
2335	1.095325	
2336	1.026618	
2337	1.009550	
2338	1.050840	
2339	1.034071	
2340	1.064585	
2341	1.013604	
2342	0.955256	
2343	0.994605	
2344	1.005530	
2345	1.058024	
2346	0.995869	
2347	1.026487	
2348	0.998866	
2349	1.044402	
2350	0.884530	
2351	0.956655	
2352	0.967901	
2353	1.023877	
2354	1.008086	
2355	0.893334	
2356	1.004765	
2357	1.064629	
2358	1.007217	
2359	1.037705	
2360	1.053301	
2361	1.122805	
2362	1.119371	
2363	0.988522	
2364	1.035025	
2365	0.978567	
2366	1.036873	
2367	0.992125	
2368	0.966809	
2369	0.947827	
2370	0.900100	
2371	0.923664	
2372	0.894279	
2373	1.019070	
2374	1.016472	
2375	1.004565	
2376	1.030400	
2377	0.988783	
2378	1.017056	
2379	1.009089	
2380	1.020994	
2381	1.004985	
2382	0.968413	
2383	1.098590	
2384	0.968514	
2385	1.018124	
2386	1.025257	
2387	1.012549	
2388	1.083340	
2389	1.047506	
2390	1.073919	
2391	0.935839	
2392	1.046626	
2393	1.021857	
2394	1.008291	
2395	1.050987	
2396	0.995716	
2397	1.015793	
2398	1.111974	
2399	1.021101	
2400	1.029809	
2401	1.038640	
2402	1.044286	
2403	1.009912	
2404	1.020011	
2405	0.972916	
2406	1.000250	
2407	0.990409	
2408	0.963658	
2409	0.913225	
2410	0.938221	
2411	1.019273	
2412	0.993237	
2413	0.911239	
2414	0.924163	
2415	0.996481	
2416	1.019090	
2417	0.986272	
2418	0.907246	
2419	0.986827	
2420	1.113280	
2421	0.929063	
2422	0.963002	
2423	0.970016	
2424	0.951532	
2425	0.932962	
2426	0.946897	
2427	1.115816	
2428	1.029451	
2429	1.019340	
2430	1.064130	
2431	0.958137	
2432	1.048782	
2433	1.004945	
2434	1.050823	
2435	1.026139	
2436	0.988656	
2437	0.989840	
2438	0.934986	
2439	1.086518	
2440	1.113207	
2441	0.955768	
2442	1.032221	
2443	0.952125	
2444	0.937775	
2445	1.098848	
2446	0.936766	
2447	1.049931	
2448	0.979876	
2449	1.022641	
2450	0.992364	
2451	0.957819	
2452	1.046236	
2453	1.137322	
2454	0.963365	
2455	0.973171	
2456	1.056090	
2457	0.934694	
2458	1.007397	
2459	0.992872	
2460	0.992859	
2461	1.038759	
2462	1.001198	
2463	1.004778	
2464	1.008991	
2465	1.000843	
2466	0.917405	
2467	0.998640	
2468	1.023036	
2469	0.981597	
2470	1.000101	
2471	0.975392	
2472	1.031379	
2473	1.007357	
2474	0.936958	
2475	1.073639	
2476	0.972413	
2477	0.952055	
2478	0.989000	
2479	0.982097	
2480	0.982755	
2481	1.037557	
2482	0.892115	
2483	0.990669	
2484	0.942628	
2485	0.986585	
2486	0.994261	
2487	0.897607	
2488	1.015613	
2489	0.991590	
2490	0.956023	
2491	0.955032	
2492	0.907490	
2493	0.961580	
2494	1.016548	
2495	1.029139	
2496	1.073125	
2497	1.043109	
2498	0.922989	
2499	0.921490	
2500	0.918570	
2501	0.888353	
2502	0.993758	
2503	1.007295	
2504	0.930732	
2505	1.115471	
2506	0.968261	
2507	0.970540	
2508	0.993839	
2509	0.998103	
2510	1.000793	
2511	0.917854	
2512	0.995588	
2513	1.013695	
2514	1.082476	
2515	0.984935	
2516	1.059708	
2517	0.941960	
2518	1.015147	
2519	1.061490	
2520	0.959710	
2521	0.957738	
2522	0.902678	
2523	1.017987	
2524	1.062783	
2525	1.000307	
2526	1.040564	
2527	0.918809	
2528	1.144485	
2529	0.943421	
2530	0.994229	
2531	0.979221	
2532	0.997594	
2533	1.048090	
2534	0.951642	
2535	0.933545	
2536	0.983532	
2537	0.958064	
2538	1.046051	
2539	0.994800	
2540	1.062391	
2541	0.969456	
2542	1.081700	
2543	1.069807	
2544	1.049423	
2545	1.095334	
2546	1.020937	
2547	0.908376	
2548	0.947888	
2549	1.009226	
2550	1.068553	
2551	0.998347	
2552	0.938995	
2553	0.981013	
2554	0.988735	
2555	0.988130	
2556	1.068197	
2557	1.078451	
2558	0.996222	
2559	0.952698	
2560	0.971232	
2561	1.057984	
2562	0.927387	
2563	0.994351	
2564	0.976918	
2565	0.997944	
2566	0.951173	
2567	0.980066	
2568	0.998309	
2569	0.983167	
2570	1.065565	
2571	0.916990	
2572	1.032938	
2573	1.104705	
2574	1.072525	
2575	0.872019	
2576	1.079144	
2577	0.996885	
2578	0.998867	
2579	1.055686	
2580	1.066206	
2581	0.877053	
2582	1.114779	
2583	1.035084	
2584	0.950419	
2585	0.992713	
2586	1.034789	
2587	0.983599	
2588	0.929929	
2589	1.050266	
2590	0.997502	
2591	1.011571	
2592	1.053711	
2593	1.063080	
2594	1.064369	
2595	0.983021	
2596	1.018314	
2597	1.003284	
2598	0.963743	
2599	1.028420	
2600	1.052557	
2601	0.978459	
2602	1.071629	
2603	0.913725	
2604	1.030225	
2605	0.956189	
2606	0.935829	
2607	1.017305	
2608	1.063652	
2609	1.133554	
2610	0.957551	
2611	1.057735	
2612	0.997078	
2613	1.057611	
2614	0.950201	
2615	0.965167	
2616	0.934800	
2617	1.015195	
2618	1.021789	
2619	0.903112	
2620	0.996658	
2621	0.890444	
2622	0.980430	
2623	0.912117	
2624	0.990541	
2625	1.011050	
2626	0.949382	
2627	0.935415	
2628	0.936567	
2629	1.100353	
2630	1.017292	
2631	0.964338	
2632	0.969616	
2633	0.902023	
2634	1.008576	
2635	1.071041	
2636	0.913001	
2637	0.993358	
2638	1.026537	
2639	1.031633	
2640	0.907367	
2641	0.997701	
2642	1.037366	
2643	0.991599	
2644	0.990983	
2645	1.112838	
2646	1.053259	
2647	0.996333	
2648	1.079739	
2649	1.020073	
2650	0.986075	
2651	0.990606	
2652	0.930052	
2653	0.992840	
2654	1.017858	
2655	0.892737	
2656	1.032734	
2657	1.013234	
2658	1.083700	
2659	0.973657	
2660	1.037819	
2661	1.016525	
2662	1.076612	
2663	0.992855	
2664	1.087802	
2665	1.094993	
2666	0.911049	
2667	1.028452	
2668	1.089684	
2669	0.990351	
2670	0.984030	
2671	1.026219	
2672	1.113038	
2673	0.955771	
2674	0.937139	
2675	0.890464	
2676	1.082104	
2677	1.082055	
2678	1.179526	
2679	1.003334	
2680	1.003719	
2681	1.017768	
2682	0.989860	
2683	1.137719	
2684	0.890077	
2685	1.031966	
2686	1.018704	
2687	0.995019	
2688	0.991849	
2689	0.993013	
2690	1.075144	
2691	0.968150	
2692	0.952897	
2693	0.987181	
2694	1.061416	
2695	1.023063	
2696	1.008068	
2697	1.023888	
2698	0.998551	
2699	0.943737	
2700	1.036707	
2701	1.011008	
2702	1.014703	
2703	1.073018	
2704	0.866288	
2705	1.074003	
2706	1.046198	
2707	0.963306	
2708	0.991686	
2709	1.073179	
2710	0.991328	
2711	1.008119	
2712	1.018728	
2713	0.976287	
2714	0.904078	
2715	1.053532	
2716	0.995542	
2717	1.055445	
2718	1.065884	
2719	0.969789	
2720	1.019499	
2721	0.956531	
2722	1.064760	
2723	1.042082	
2724	1.106860	
2725	0.979285	
2726	1.017875	
2727	1.045868	
2728	1.079957	
2729	1.061653	
2730	0.979441	
2731	0.828528	
2732	0.932368	
2733	1.033617	
2734	0.988320	
2735	1.015885	
2736	1.025922	
2737	0.968670	
2738	0.942420	
2739	0.928730	
2740	1.005801	
2741	0.888071	
2742	0.969072	
2743	0.948493	
2744	0.949454	
2745	0.974305	
2746	0.863490	
2747	0.987296	
2748	1.008810	
2749	1.028455	
2750	1.005732	
2751	1.028854	
2752	0.992847	
2753	1.041340	
2754	0.975714	
2755	0.929827	
2756	0.987152	
2757	0.935273	
2758	1.020171	
2759	1.017833	
2760	0.879117	
2761	1.050203	
2762	0.967266	
2763	1.070495	
2764	0.986998	
2765	1.000448	
2766	1.003910	
2767	1.074924	
2768	1.007804	
2769	0.920097	
2770	1.045880	
2771	0.984132	
2772	1.061300	
2773	0.964122	
2774	0.961879	
2775	1.001141	
2776	0.996101	
2777	1.013902	
2778	1.013474	
2779	1.072139	
2780	1.038614	
2781	0.949235	
2782	0.992501	
2783	1.026463	
2784	0.980689	
2785	0.992290	
2786	1.131415	
2787	0.921554	
2788	0.987207	
2789	0.959159	
2790	1.157424	
2791	0.950558	
2792	1.077720	
2793	0.920388	
2794	0.970731	
2795	1.021284	
2796	0.964345	
2797	0.888452	
2798	1.034824	
2799	1.040082	
2800	1.051247	
2801	0.979348	
2802	0.967057	
2803	0.999235	
2804	0.992267	
2805	1.113530	
2806	0.998937	
2807	1.031701	
2808	0.985446	
2809	1.069879	
2810	0.980120	
2811	0.979354	
2812	1.053142	
2813	1.021519	
2814	0.946196	
2815	1.009627	
2816	1.113124	
2817	0.976479	
2818	0.995845	
2819	0.981635	
2820	1.084246	
2821	0.988473	
2822	0.985048	
2823	1.034387	
2824	1.039648	
2825	0.992751	
2826	1.041050	
2827	1.001633	
2828	0.878593	
2829	0.962431	
2830	0.964173	
2831	1.054674	
2832	0.987792	
2833	1.043088	
2834	1.021433	
2835	1.022947	
2836	0.965632	
2837	0.993675	
2838	0.988422	
2839	0.988192	
2840	1.023916	
2841	0.922022	
2842	1.011547	
2843	0.964358	
2844	1.011519	
2845	0.979624	
2846	1.030290	
2847	0.973815	
2848	0.989998	
2849	1.165975	
2850	1.162186	
2851	1.045916	
2852	1.008819	
2853	0.988085	
2854	1.015669	
2855	0.867967	
2856	0.922438	
2857	0.983807	
2858	1.115638	
2859	0.980910	
2860	1.072626	
2861	0.986169	
2862	1.036770	
2863	1.072509	
2864	0.994143	
2865	0.997365	
2866	1.011612	
2867	1.089964	
2868	0.995733	
2869	1.010621	
2870	1.111345	
2871	0.940761	
2872	1.125441	
2873	1.161001	
2874	0.943171	
2875	0.994285	
2876	0.952166	
2877	1.069613	
2878	1.062193	
2879	1.001676	
2880	1.077626	
2881	0.926261	
2882	1.066953	
2883	1.067133	
2884	1.018995	
2885	0.897557	
2886	1.060600	
2887	1.038027	
2888	0.986649	
2889	1.018945	
2890	1.029814	
2891	1.000596	
2892	0.973006	
2893	0.965320	
2894	0.999705	
2895	0.988506	
2896	1.024263	
2897	0.990686	
2898	0.894438	
2899	0.890591	
2900	1.063693	
2901	1.057248	
2902	0.907720	
2903	1.089990	
2904	1.034861	
2905	0.970157	
2906	1.054249	
2907	0.972691	
2908	0.986521	
2909	1.025517	
2910	0.915727	
2911	0.916376	
2912	0.983309	
2913	0.915040	
2914	0.956598	
2915	0.995884	
2916	0.988834	
2917	0.991994	
2918	0.959289	
2919	0.947520	
2920	0.991451	
2921	0.970364	
2922	1.035489	
2923	0.905570	
2924	1.024884	
2925	0.918611	
2926	0.991465	
2927	0.913298	
2928	0.920576	
2929	0.929808	
2930	0.982370	
2931	1.062875	
2932	0.970609	
2933	0.914919	
2934	1.129897	
2935	0.968162	
2936	1.076630	
2937	0.935041	
2938	0.932957	
2939	1.054303	
2940	1.006430	
2941	0.915788	
2942	0.965962	
2943	1.090220	
2944	0.934813	
2945	0.972650	
2946	0.989879	
2947	1.071775	
2948	1.011035	
2949	1.024617	
2950	1.083354	
2951	0.991651	
2952	0.889081	
2953	0.934177	
2954	1.030799	
2955	0.972892	
2956	0.881869	
2957	0.977952	
2958	1.006026	
2959	0.918061	
2960	0.927352	
2961	0.952370	
2962	1.007912	
2963	1.123684	
2964	0.974487	
2965	1.037556	
2966	0.879272	
2967	0.996688	
2968	1.011135	
2969	0.903421	
2970	0.981142	
2971	0.983414	
2972	0.920451	
2973	0.989537	
2974	0.965507	
2975	0.959809	
2976	1.015366	
2977	1.025990	
2978	1.046457	
2979	0.943878	
2980	1.083378	
2981	0.990594	
2982	0.932948	
2983	0.996755	
2984	1.028504	
2985	1.006788	
2986	0.985184	
2987	1.022022	
2988	0.932578	
2989	1.067369	
2990	1.126977	
2991	0.977342	
2992	0.959356	
2993	1.114063	
2994	0.951507	
2995	0.997067	
2996	0.990052	
2997	1.015735	
2998	1.026218	
2999	0.995353	
3000	1.087353	
3001	0.966064	
3002	1.020656	
3003	0.992709	
3004	1.060126	
3005	1.030809	
3006	0.920136	
3007	0.937110	
3008	1.005349	
3009	0.986044	
3010	0.978351	
3011	0.916443	
3012	0.991494	
3013	1.016516	
3014	1.046136	
3015	1.059972	
3016	0.939769	
3017	0.970521	
3018	1.061885	
3019	0.930793	
3020	0.956654	
3021	1.003190	
3022	1.016677	
3023	0.974276	
3024	1.110765	
3025	0.978539	
3026	1.004201	
3027	1.025253	
3028	0.887205	
3029	0.990747	
3030	0.923991	
3031	0.998059	
3032	1.031811	
3033	1.039583	
3034	0.987736	
3035	0.951807	
3036	0.972136	
3037	0.987945	
3038	1.035448	
3039	1.012899	
3040	1.033087	
3041	0.971914	
3042	1.043360	
3043	1.030423	
3044	0.925431	
3045	0.998959	
3046	0.978491	
3047	1.137123	
3048	0.996741	
3049	1.099088	
3050	1.147313	
3051	0.976303	
3052	1.008804	
3053	1.067447	
3054	1.004487	
3055	0.944127	
3056	1.072118	
3057	1.000879	
3058	0.984835	
3059	0.995120	
3060	0.940034	
3061	1.035861	
3062	0.999872	
3063	1.057197	
3064	1.062903	
3065	0.990036	
3066	1.059544	
3067	1.026542	
3068	1.001619	
3069	0.995208	
3070	1.016842	
3071	0.969233	
3072	0.947192	
3073	0.926704	
3074	0.972274	
3075	0.917898	
3076	1.115342	
3077	0.979566	
3078	0.893427	
3079	1.040051	
3080	1.072172	
3081	1.009935	
3082	0.953556	
3083	0.922906	
3084	1.015625	
3085	0.995544	
3086	0.897692	
3087	0.949230	
3088	0.963773	
3089	0.993102	
3090	0.984472	
3091	1.101250	
3092	0.999980	
3093	0.965101	
3094	0.952868	
3095	1.028202	
3096	0.987117	
3097	1.080102	
3098	1.080678	
3099	1.005830	
3100	0.870678	
3101	1.141954	
3102	1.065468	
3103	0.960657	
3104	0.982177	
3105	1.076828	
3106	0.987004	
3107	1.017699	
3108	0.991814	
3109	1.083464	
3110	1.058181	
3111	1.011564	
3112	1.007475	
3113	1.065441	
3114	1.062000	
3115	1.054062	
3116	1.004692	
3117	1.026036	
3118	1.007848	
3119	1.083240	
3120	1.007351	
3121	1.114604	
3122	0.960048	
3123	0.988714	
3124	0.939326	
3125	1.007167	
3126	0.988491	
3127	1.090640	
3128	0.949348	
3129	0.948857	
3130	1.019453	
3131	0.945706	
3132	1.034822	
3133	1.032719	
3134	0.963400	
3135	1.100806	
3136	0.958653	
3137	1.005255	
3138	1.058690	
3139	0.955819	
3140	0.937599	
3141	0.972911	
3142	1.004118	
3143	0.971483	
3144	0.915460	
3145	1.107955	
3146	0.998429	
3147	0.945716	
3148	1.005117	
3149	0.946493	
3150	1.061194	
3151	1.058188	
3152	0.997450	
3153	0.955046	
3154	1.071038	
3155	1.019183	
3156	1.003451	
3157	1.028184	
3158	1.012824	
3159	1.002259	
3160	1.013523	
3161	0.909533	
3162	0.979298	
3163	0.932198	
3164	1.090797	
3165	0.979976	
3166	1.026253	
3167	0.921652	
3168	0.970041	
3169	0.911371	
3170	1.004893	
3171	1.007038	
3172	1.053616	
3173	0.975590	
3174	1.015994	
3175	1.032556	
3176	0.996189	
3177	1.014810	
3178	0.897422	
3179	0.956260	
3180	0.907122	
3181	0.999528	
3182	0.987175	
3183	1.043443	
3184	0.942320	
3185	0.990265	
3186	1.046654	
3187	0.999774	
3188	0.911545	
3189	0.985308	
3190	1.041952	
3191	1.037646	
3192	0.990589	
3193	1.003405	
3194	0.931042	
3195	0.864021	
3196	0.979769	
3197	1.031426	
3198	1.084159	
3199	0.937907	
3200	1.021478	
3201	0.984834	
3202	1.014531	
3203	0.937458	
3204	0.969209	
3205	0.957094	
3206	1.023056	
3207	0.984781	
3208	0.966391	
3209	1.078304	
3210	1.005050	
3211	1.063830	
3212	0.938078	
3213	1.037018	
3214	1.036887	
3215	1.111497	
3216	0.984108	
3217	0.966948	
3218	1.049382	
3219	1.088320	
3220	0.929420	
3221	0.945045	
3222	1.000142	
3223	1.004705	
3224	1.040353	
3225	1.111402	
3226	0.990122	
3227	0.961566	
3228	1.011734	
3229	1.049054	
3230	1.076691	
3231	0.971776	
3232	1.010617	
3233	0.974837	
3234	0.924533	
3235	0.941285	
3236	0.975966	
3237	0.999111	
3238	0.983480	
3239	1.037577	
3240	0.970041	
3241	0.889036	
3242	0.994882	
3243	1.056852	
3244	1.002751	
3245	1.038045	
3246	0.949694	
3247	1.040932	
3248	1.002056	
3249	0.938733	
3250	1.077302	
3251	1.045685	
3252	1.031506	
3253	1.055451	
3254	1.057064	
3255	1.117842	
3256	0.934639	
3257	1.031716	
3258	0.983986	
3259	1.021794	
3260	1.043306	
3261	0.932617	
3262	0.931663	
3263	1.007907	
3264	0.984027	
3265	0.923366	
3266	1.014947	
3267	0.954243	
3268	1.079436	
3269	0.973705	
3270	0.990646	
3271	1.001303	
3272	1.041771	
3273	0.963343	
3274	1.032536	
3275	0.986333	
3276	1.047969	
3277	1.013647	
3278	1.018879	
3279	0.979208	
3280	1.006713	
3281	1.001983	
3282	0.985292	
3283	0.992919	
3284	0.952267	
3285	1.011831	
3286	0.999860	
3287	1.022003	
3288	1.043543	
3289	0.974302	
3290	1.065101	
3291	0.986966	
3292	1.018177	
3293	1.036066	
3294	1.138127	
3295	1.024442	
3296	1.008015	
3297	1.107029	
3298	0.982199	
3299	0.990318	
3300	0.916906	
3301	1.020135	
3302	0.981238	
3303	0.993293	
3304	0.940021	
3305	1.076298	
3306	0.959019	
3307	1.000822	
3308	1.024783	
3309	0.890508	
3310	0.950892	
3311	1.040790	
3312	1.050383	
3313	0.978613	
3314	1.017211	
3315	1.023709	
3316	0.965855	
3317	1.026877	
3318	0.969753	
3319	1.026523	
3320	1.011930	
3321	0.972270	
3322	0.977025	
3323	0.995727	
3324	0.950713	
3325	0.985295	
3326	0.936913	
3327	1.028088	
3328	1.088181	
3329	0.959401	
3330	0.980563	
3331	0.974446	
3332	0.999880	
3333	1.065762	
3334	1.015900	
3335	1.015037	
3336	1.004509	
3337	1.046705	
3338	0.977112	
3339	1.015302	
3340	1.008379	
3341	0.990029	
3342	0.979995	
3343	0.899609	
3344	0.983339	
3345	0.983654	
3346	0.986908	
3347	1.029274	
3348	0.919104	
3349	1.040416	
3350	0.916165	
3351	0.978345	
3352	0.991110	
3353	1.044708	
3354	0.924862	
3355	1.033385	
3356	0.992675	
3357	1.057039	
3358	0.973776	
3359	1.083716	
3360	1.061150	
3361	0.998814	
3362	0.941314	
3363	0.987706	
3364	1.007260	
3365	1.014077	
3366	1.037560	
3367	1.108535	
3368	1.105330	
3369	0.936841	
3370	0.950138	
3371	0.926353	
3372	1.081967	
3373	0.998649	
3374	1.020964	
3375	0.969869	
3376	1.026159	
3377	0.986432	
3378	1.061505	
3379	1.058577	
3380	1.060474	
3381	1.067711	
3382	0.984900	
3383	0.971683	
3384	1.049612	
3385	0.949303	
3386	1.047579	
3387	1.083859	
3388	0.908924	
3389	0.944156	
3390	0.919051	
3391	0.914986	
3392	1.036379	
3393	1.008701	
3394	0.886258	
3395	1.118559	
3396	0.981232	
3397	1.018943	
3398	1.006535	
3399	0.945629	
3400	0.995859	
3401	1.042328	
3402	1.013047	
3403	1.048947	
3404	0.994076	
3405	1.054099	
3406	1.086802	
3407	1.004010	
3408	0.927599	
3409	1.007570	
3410	1.013288	
3411	1.141644	
3412	0.928890	
3413	0.946634	
3414	0.981384	
3415	0.927738	
3416	0.932991	
3417	1.013821	
3418	1.006618	
3419	1.006375	
3420	0.985428	
3421	1.001507	
3422	0.982109	
3423	1.000202	
3424	0.965846	
3425	0.971397	
3426	0.995315	
3427	1.020989	
3428	1.006762	
3429	1.023989	
3430	0.998943	
3431	0.937394	
3432	1.131761	
3433	0.982262	
3434	1.072931	
3435	1.124787	
3436	0.940965	
3437	1.091178	
3438	0.944862	
3439	1.000335	
3440	0.946226	
3441	0.949217	
3442	0.943005	
3443	0.968203	
3444	1.027662	
3445	0.981985	
3446	0.905656	
3447	0.930503	
3448	0.984020	
3449	1.041391	
3450	0.995790	
3451	0.923694	
3452	0.996833	
3453	1.065645	
3454	0.963229	
3455	0.954169	
3456	0.971820	
3457	0.994211	
3458	0.986110	
3459	1.017876	
3460	0.894734	
3461	0.987258	
3462	1.069942	
3463	1.047521	
3464	0.973497	
3465	0.986055	
3466	0.980937	
3467	0.982645	
3468	0.986666	
3469	1.059161	
3470	1.004939	
3471	1.009377	
3472	0.983309	
3473	0.993706	
3474	0.999885	
3475	0.970978	
3476	1.079089	
3477	1.024488	
3478	0.949152	
3479	0.931849	
3480	0.977031	
3481	0.920490	
3482	1.085393	
3483	1.075379	
3484	0.979461	
3485	1.012293	
3486	0.994064	
3487	1.006451	
3488	0.928840	
3489	1.066683	
3490	1.028024	
3491	0.913733	
3492	1.014020	
3493	0.943502	
3494	1.030826	
3495	1.038961	
3496	1.036752	
3497	0.906946	
3498	0.953106	
3499	1.055987	
3500	1.029567	
3501	0.941470	
3502	0.911389	
3503	1.118190	
3504	1.007048	
3505	1.001911	
3506	0.959682	
3507	0.980723	
3508	1.001215	
3509	1.039057	
3510	1.015288	
3511	1.000220	
3512	0.976213	
3513	1.039261	
3514	1.112036	
3515	1.030669	
3516	1.010705	
3517	1.037932	
3518	1.031268	
3519	1.005828	
3520	1.004860	
3521	1.030709	
3522	0.996897	
3523	0.976937	
3524	0.973531	
3525	1.025742	
3526	1.065513	
3527	0.923992	
3528	0.991652	
3529	1.079750	
3530	0.919855	
3531	1.048277	
3532	1.038300	
3533	0.996308	
3534	0.955331	
3535	0.977940	
3536	1.038573	
3537	1.070073	
3538	0.973405	
3539	0.938324	
3540	0.893906	
3541	0.899188	
3542	0.978430	
3543	0.892441	
3544	0.988671	
3545	0.964295	
3546	1.075259	
3547	0.963412	
3548	0.976497	
3549	0.965623	
3550	0.914252	
3551	1.033822	
3552	0.997458	
3553	1.045566	
3554	1.063469	
3555	1.133273	
3556	1.019928	
3557	0.904334	
3558	0.954592	
3559	1.076996	
3560	1.047565	
3561	0.991315	
3562	0.977048	
3563	1.073029	
3564	1.014937	
3565	0.958355	
3566	0.871744	
3567	1.002450	
3568	1.000389	
3569	0.916574	
3570	1.058671	
3571	1.008209	
3572	0.984805	
3573	0.983901	
3574	0.957987	
3575	0.933343	
3576	0.996012	
3577	1.009520	
3578	0.926407	
3579	0.982199	
3580	0.920678	
3581	1.127225	
3582	0.993949	
3583	0.988115	
3584	0.978043	
3585	0.948625	
3586	1.009478	
3587	1.014034	
3588	1.006837	
3589	1.056930	
3590	0.940063	
3591	1.052590	
3592	1.081653	
3593	0.978614	
3594	1.009871	
3595	0.958319	
3596	1.020395	
3597	0.931225	
3598	1.010703	
3599	0.981456	
3600	0.978838	
3601	0.958204	
3602	0.966439	
3603	1.048782	
3604	0.952542	
3605	1.125594	
3606	0.896512	
3607	0.942494	
3608	0.994519	
3609	1.083531	
3610	1.021523	
3611	1.021541	
3612	0.982391	
3613	0.887274	
3614	0.975052	
3615	1.104845	
3616	0.992786	
3617	0.967206	
3618	0.940112	
3619	1.021468	
3620	0.960951	
3621	1.055893	
3622	1.030657	
3623	0.913000	
3624	1.058746	
3625	0.999953	
3626	0.981989	
3627	0.952662	
3628	1.016188	
3629	1.007007	
3630	0.983817	
3631	1.047880	
3632	0.886164	
3633	0.945947	
3634	1.017959	
3635	0.903543	
3636	0.966631	
3637	1.033914	
3638	1.012091	
3639	1.024448	
3640	1.043020	
3641	1.026358	
3642	1.092924	
3643	1.031718	
3644	1.050152	
3645	0.950499	
3646	1.010964	
3647	1.023582	
3648	0.966749	
3649	1.084822	
3650	0.984465	
3651	1.107148	
3652	0.903247	
3653	0.966940	
3654	1.027467	
3655	0.925915	
3656	0.974088	
3657	0.906076	
3658	1.012286	
3659	0.975840	
3660	1.094668	
3661	1.118382	
3662	1.005856	
3663	0.897728	
3664	1.093267	
3665	0.997835	
3666	0.951537	
3667	1.045076	
3668	0.978756	
3669	0.994704	
3670	0.872378	
3671	0.962090	
3672	1.056115	
3673	1.013211	
3674	0.997442	
3675	0.985167	
3676	1.001412	
3677	1.041654	
3678	1.032158	
3679	0.895375	
3680	0.924674	
3681	0.996372	
3682	1.001064	
3683	0.986321	
3684	0.996228	
3685	1.009907	
3686	1.088267	
3687	1.021458	
3688	1.016335	
3689	1.054819	
3690	0.944452	
3691	0.949057	
3692	0.975994	
3693	1.092982	
3694	1.044457	
3695	0.978063	
3696	1.084843	
3697	1.073315	
3698	1.144549	
3699	1.048343	
3700	0.989551	
3701	0.947592	
3702	1.048231	
3703	0.980410	
3704	0.995198	
3705	0.980452	
3706	0.976079	
3707	1.065943	
3708	0.854046	
3709	0.979343	
3710	0.989046	
3711	0.937341	
3712	0.974966	
3713	0.871090	
3714	1.044621	
3715	0.887250	
3716	1.048595	
3717	0.939407	
3718	0.892800	
3719	0.987628	
3720	1.088322	
3721	1.096975	
3722	0.982054	
3723	1.021194	
3724	0.961959	
3725	0.992704	
3726	0.923483	
3727	0.978382	
3728	0.965694	
3729	1.016149	
3730	0.998088	
3731	0.944913	
3732	0.956234	
3733	0.931561	
3734	0.984463	
3735	0.952938	
3736	1.006044	
3737	1.013626	
3738	1.013805	
3739	0.929502	
3740	1.034312	
3741	1.014424	
3742	0.990104	
3743	1.037643	
3744	1.052801	
3745	0.899967	
3746	1.012183	
3747	1.043213	
3748	0.988700	
3749	0.970861	
3750	1.045512	
3751	1.022825	
3752	1.018023	
3753	1.033531	
3754	1.054588	
3755	0.951579	
3756	1.044514	
3757	0.985233	
3758	1.002725	
3759	1.084244	
3760	0.932153	
3761	0.895618	
3762	0.891872	
3763	0.981723	
3764	0.950183	
3765	1.066231	
3766	1.049834	
3767	0.905458	
3768	1.020362	
3769	1.033546	
3770	1.104816	
3771	0.933796	
3772	1.085154	
3773	1.063268	
3774	1.059656	
3775	1.021932	
3776	0.983210	
3777	0.865670	
3778	0.994424	
3779	1.041888	
3780	0.932918	
3781	0.958487	
3782	0.916591	
3783	0.980950	
3784	0.987176	
3785	1.040522	
3786	0.958848	
3787	0.895612	
3788	0.936041	
3789	1.107130	
3790	1.213582	
3791	1.011108	
3792	0.992800	
3793	1.097839	
3794	0.969343	
3795	0.962615	
3796	1.071326	
3797	0.900040	
3798	1.021218	
3799	1.077301	
3800	0.942180	
3801	1.086191	
3802	1.142262	
3803	0.963211	
3804	0.943093	
3805	1.049908	
3806	0.961516	
3807	1.046442	
3808	1.013235	
3809	0.895396	
3810	0.916674	
3811	0.979636	
3812	1.025090	
3813	1.018913	
3814	0.956171	
3815	1.058071	
3816	0.950953	
3817	0.983826	
3818	1.033219	
3819	0.979047	
3820	1.009236	
3821	1.107720	
3822	1.064389	
3823	1.030847	
3824	1.042810	
3825	1.041299	
3826	0.936247	
3827	0.995709	
3828	1.030865	
3829	0.984534	
3830	1.032725	
3831	0.995295	
3832	0.940837	
3833	0.997749	
3834	0.981012	
3835	1.133243	
3836	1.026975	
3837	1.063594	
3838	1.054677	
3839	0.995074	
3840	1.064600	
3841	1.088795	
3842	0.947058	
3843	1.033622	
3844	1.024410	
3845	0.967648	
3846	1.036388	
3847	1.058771	
3848	0.911744	
3849	0.940914	
3850	0.983311	
3851	1.002286	
3852	1.010105	
3853	1.068545	
3854	1.016347	
3855	0.999164	
3856	0.929296	
3857	1.050816	
3858	1.123597	
3859	0.901284	
3860	0.975455	
3861	1.042281	
3862	1.019587	
3863	1.031868	
3864	0.988194	
3865	1.005377	
3866	1.085438	
3867	0.963836	
3868	0.978596	
3869	0.992223	
3870	1.004076	
3871	0.970141	
3872	1.014556	
3873	0.985806	
3874	1.005103	
3875	0.946750	
3876	1.007339	
3877	1.028842	
3878	1.063230	
3879	1.008617	
3880	1.023122	
3881	1.001727	
3882	1.035996	
3883	1.021229	
3884	1.062440	
3885	0.968367	
3886	1.004091	
3887	0.980042	
3888	1.044939	
3889	0.985125	
3890	1.117297	
3891	1.006792	
3892	0.988764	
3893	0.997447	
3894	1.098360	
3895	1.094859	
3896	0.968799	
3897	1.106681	
3898	1.022163	
3899	0.900727	
3900	0.991682	
3901	0.985665	
3902	0.966772	
3903	1.047626	
3904	1.123245	
3905	1.031596	
3906	1.091032	
3907	0.979046	
3908	1.045807	
3909	1.068485	
3910	1.029022	
3911	0.948209	
3912	0.992297	
3913	0.958912	
3914	1.052511	
3915	1.077176	
3916	0.976607	
3917	1.027535	
3918	1.054896	
3919	1.035262	
3920	0.965303	
3921	1.025667	
3922	0.973518	
3923	0.932331	
3924	1.012727	
3925	0.946146	
3926	0.960632	
3927	0.979894	
3928	1.019893	
3929	1.097021	
3930	0.997467	
3931	1.158632	
3932	1.010283	
3933	0.921753	
3934	1.056898	
3935	0.980303	
3936	0.949182	
3937	1.058678	
3938	0.989597	
3939	1.046793	
3940	0.929356	
3941	0.971527	
3942	1.044506	
3943	1.085594	
3944	1.033541	
3945	0.984346	
3946	1.077439	
3947	0.990565	
3948	0.900912	
3949	1.013323	
3950	0.926809	
3951	0.906220	
3952	0.964211	
3953	0.990479	
3954	1.104654	
3955	1.057303	
3956	1.022948	
3957	1.045631	
3958	0.965906	
3959	0.997464	
3960	1.092863	
3961	0.864363	
3962	0.956074	
3963	1.045837	
3964	0.985060	
3965	1.080287	
3966	1.099040	
3967	1.030215	
3968	1.045651	
3969	1.066716	
3970	0.952139	
3971	0.970122	
3972	0.996391	
3973	0.972657	
3974	0.970508	
3975	0.953436	
3976	0.964338	
3977	1.100936	
3978	0.944443	
3979	1.022702	
3980	0.971279	
3981	1.008903	
3982	1.064243	
3983	0.966096	
3984	1.126287	
3985	1.035225	
3986	0.994888	
3987	1.005571	
3988	0.948536	
3989	0.991571	
3990	0.921739	
3991	1.048901	
3992	0.965821	
3993	1.016240	
3994	1.143588	
3995	1.010008	
3996	1.025978	
3997	1.025887	
3998	1.026071	
3999	0.925448	
