0	25.350288	3.507424	1.158996	0.996968	1.053777	1.140996	0.958955	1.139426	
1	11.645720	2.706119	1.239635	1.034166	1.142896	1.041687	0.931774	1.088894	
2	12.625394	16.163192	0.989740	1.012809	1.298196	0.960094	1.016812	
3	16.076229	6.763321	0.778390	1.439542	0.968929	1.124257	1.408795	0.972158	
4	30.132264	10.410376	1.338073	0.980685	1.179511	1.096167	0.958590	1.100111	
5	29.895382	28.381442	1.098877	1.172671	1.001238	1.104854	1.120829	1.059971	
6	4.648137	3.245446	1.352574	0.806093	0.887777	1.226193	1.297766	0.988185	
7	6.107623	30.976132	1.082593	1.044960	1.169824	1.034029	1.368966	1.160154	1.292338	
8	11.278153	6.257072	1.064794	0.974110	1.143751	1.113585	0.976060	1.317634	
9	30.116742	17.297659	1.062314	1.002381	0.799267	1.253751	1.046318	1.415428	
10	2.994519	3.279914	1.074803	0.997741	1.291976	0.815364	1.129357	1.311543	
11	27.499957	5.980658	1.023055	1.147830	1.187334	1.117314	1.099013	1.081348	
12	29.053426	25.570968	0.988820	0.998220	1.064102	0.861122	1.235118	
13	21.792046	27.776656	1.392013	1.239613	1.455002	1.133763	1.176287	1.122111	1.260206	0.969254	
14	0.958818	8.990197	0.988193	0.983982	1.127466	1.028391	1.024857	1.274627	
15	31.037755	28.646283	1.020761	1.027649	0.971347	1.172671	1.218345	1.287173	1.371780	
16	8.516947	30.348221	1.051473	0.877870	1.130943	1.156936	0.970217	
17	10.427611	28.140318	1.037681	1.024207	1.435803	0.831302	1.463579	1.188486	1.262560	
18	9.618589	15.651251	1.075047	0.901869	1.067941	1.028451	1.030401	1.429355	
19	29.290597	22.420549	1.490858	1.304566	0.959734	0.982861	0.781275	1.262918	
20	11.170746	14.230249	1.093828	1.232864	1.244350	1.400904	0.942717	1.404486	0.959810	
21	8.988774	22.598427	0.855360	0.960216	1.156348	1.107172	0.998319	
22	3.889602	8.403753	1.300439	0.989571	1.009098	1.332784	1.032089	0.879469	
23	15.068253	17.439961	1.155511	1.130044	1.234432	0.933081	0.970446	1.182340	
24	26.433953	21.127493	1.102581	1.220191	1.176367	1.097792	1.253958	1.391983	0.915725	
25	27.647635	27.943625	1.338100	1.171262	1.280608	1.510836	1.079932	0.943259	0.999605	
26	5.277051	25.515628	1.254844	1.009207	1.163058	1.175120	0.971193	0.923182	
27	25.061050	15.249878	1.021960	1.046288	1.137283	1.153960	1.383702	1.204229	1.218350	
28	12.174769	14.945715	1.195782	0.909636	1.274300	1.298196	1.232864	0.911923	1.363555	
29	5.977922	3.492688	1.082144	1.352574	1.088764	1.449438	1.070812	0.984504	1.101968	
30	11.566031	26.377349	0.926325	1.234934	1.317253	1.049778	1.001249	1.129055	
31	0.664078	16.688920	1.001288	1.147007	1.299796	0.965030	1.016274	1.235283	
32	22.608261	8.357742	0.857187	1.184508	1.455170	0.951438	0.880162	1.216094	
33	13.989031	18.039213	1.234432	0.893717	0.968059	1.128294	1.456174	1.033507	1.362469	
34	20.491559	18.040794	1.138427	1.013163	1.110563	1.139446	1.194253	0.952956	
35	5.450818	5.184396	0.929324	1.159648	1.128616	0.911575	1.101452	1.118447	
36	28.381442	21.543965	1.145704	1.235613	1.070327	1.108180	1.134207	1.262918	1.157994	
37	10.739885	25.958347	1.291687	1.002605	1.180155	0.910168	0.926325	1.142642	
38	12.373360	24.999386	0.916973	1.151274	0.914636	1.120248	1.162331	1.299095	
39	31.504191	16.040653	1.143613	1.072453	0.909024	1.249997	1.016274	1.197883	
40	18.533777	17.163420	1.279699	1.127420	1.228685	0.989250	1.162209	1.132630	1.046086	
41	15.265895	30.911264	1.208725	0.951725	0.801415	1.048782	1.257987	1.424369	
42	20.609544	0.849355	1.037353	1.161794	0.933768	1.137850	1.156772	1.019591	
43	14.364646	13.700568	0.930087	1.051641	1.054996	1.019268	1.235988	1.208890	
44	24.231917	6.125948	1.062999	1.150561	1.165908	1.057278	1.023144	1.037248	
45	6.407723	23.561024	1.129373	0.933452	1.106987	1.052695	1.412115	1.017570	
46	25.436571	11.036349	1.019762	0.968214	1.082106	1.174102	1.358971	0.945722	
47	22.222748	17.980711	1.192715	0.930500	0.956584	1.347888	1.177445	1.064908	
48	12.447515	11.392105	1.147972	0.865023	1.280198	1.280875	0.926506	1.156625	
49	19.910491	25.290316	1.282393	0.884223	1.380055	1.002723	0.942083	1.234460	
50	26.076932	4.190018	1.062875	1.043582	1.425882	0.945547	1.162069	0.996968	
51	25.202942	4.550850	1.053777	0.945547	1.213388	1.308254	1.375090	0.856957	
52	3.431071	28.132413	0.975420	1.192706	1.042548	1.185212	1.160092	1.023341	
53	0.495553	23.557071	1.179406	0.959546	1.148029	1.057524	0.941303	1.370221	
54	25.484005	16.392457	1.218350	0.811422	1.225421	1.229971	1.208938	0.882524	
55	12.732215	4.980587	1.095708	1.010208	0.993357	1.141417	1.060899	1.344171	
56	3.162278	0.616644	1.050696	1.109601	1.113363	0.879071	1.254084	1.261391	
57	20.527135	21.325610	0.884060	1.179822	0.941947	1.432749	1.019436	1.229436	
58	4.873860	11.301190	0.770231	1.350029	1.100441	1.462733	0.893658	1.415834	1.338160	
59	13.222273	18.866939	1.349378	0.971292	1.128294	1.232220	1.058965	0.945541	
60	17.333709	27.570602	1.174707	0.962312	1.173155	1.089885	1.123795	1.099831	
61	16.866798	26.729152	1.170689	0.901188	1.269406	0.962312	1.204010	0.930801	
62	22.654557	28.512518	1.281702	1.078331	1.133763	0.757858	0.821601	
63	19.451960	10.463186	0.955799	1.128501	0.933153	1.222350	0.998372	1.172081	
64	8.814849	7.198135	0.887764	1.173584	1.010977	1.156753	1.087234	1.181747	
65	9.862828	7.726377	1.147539	1.173584	1.186053	1.220686	1.114053	1.066919	1.180222	
66	6.217828	8.312837	0.969059	1.142462	1.000164	1.211282	1.237154	1.105448	
67	24.630190	10.542243	1.163029	0.945722	1.091516	1.170069	1.162479	1.035020	
68	16.954820	9.990094	1.272803	1.001462	1.123825	1.220193	1.092246	0.851975	
69	28.048992	2.539941	1.017918	0.963202	1.003398	1.076521	1.029627	
70	13.317142	2.288698	1.062450	0.941948	1.084108	1.326332	0.898906	1.219849	
71	21.764376	0.976353	1.232103	0.920042	1.011072	1.161794	1.181181	1.041057	
72	2.525869	26.053215	1.005866	1.010012	1.076317	1.248712	0.995301	1.177824	
73	18.206814	20.187190	0.970824	0.904495	1.125688	1.171251	0.990849	
74	16.281777	27.855713	1.269406	1.089885	1.023664	0.991377	1.048287	1.070558	
75	0.786617	28.626519	1.006080	1.005112	1.371780	0.844059	1.294516	1.143357	
76	31.207728	13.463397	1.045087	0.965160	1.020438	1.042660	1.160344	
77	7.125260	24.777252	1.087080	0.993812	1.047533	1.133766	0.925796	1.412115	
78	20.336924	14.833786	1.043669	1.052237	1.100924	0.915133	1.128017	
79	16.874704	28.650236	1.062239	1.022375	0.991377	1.173155	1.071098	1.264177	
80	19.812460	13.865813	1.180327	1.070999	0.928522	1.084250	1.100924	1.168918	
81	22.254529	29.156200	1.455002	0.757858	1.214922	1.168018	1.007584	1.083058	
82	8.925718	26.090720	1.045737	1.301291	0.971742	1.248791	0.846322	1.222232	
83	18.744401	24.756681	1.387485	1.060144	0.802428	1.400196	0.850414	1.282393	
84	25.020510	22.656913	1.001419	0.984743	1.025860	1.285907	1.273147	1.082870	
85	9.853025	17.845998	1.106407	0.965907	1.175150	0.910793	1.286992	1.338228	1.319744	
86	1.173692	5.337355	1.066239	0.920576	0.881581	1.171746	1.037893	
87	9.783297	14.036560	0.901268	1.311756	0.761995	1.400904	0.933605	
88	26.167848	0.351803	1.053091	0.956679	1.036257	1.263934	1.307628	1.016835	
89	1.325152	10.763033	1.221029	0.988845	1.370861	1.127567	0.972968	0.883987	
90	28.065214	28.851831	0.999605	1.044816	1.012850	1.101399	1.041631	
91	3.599984	9.234167	0.879469	1.157050	1.088132	1.043985	1.345201	1.075183	
92	22.681595	0.904334	1.295974	1.136093	1.045737	0.920042	1.166328	1.034614	
93	30.530169	22.827186	1.270554	0.985992	1.267581	0.808126	1.045919	1.304566	
94	30.733386	22.045028	1.197239	1.256639	1.490858	0.808126	1.156125	0.958390	
95	20.205847	26.638395	1.193468	1.089222	1.231292	1.380055	1.260489	0.898617	1.038692	
96	13.786313	12.638991	1.230653	1.041043	1.006478	1.225368	1.208890	1.013992	1.340254	
97	30.678046	15.356811	0.985370	1.383811	0.967602	1.238490	1.241597	1.138441	1.072453	
98	8.182393	20.353210	1.074491	1.227968	1.232835	1.258533	1.187500	0.888292	1.279384	
99	7.391824	23.819856	0.907601	1.337608	0.993812	1.017570	1.176342	1.117179	
100	26.228721	11.593068	1.268918	1.054479	1.072076	1.102545	1.016776	0.968214	
101	18.700920	23.266458	1.117444	1.007633	1.230650	1.112743	1.125923	1.057621	
102	4.359990	4.790851	1.088701	1.006424	0.989831	1.117195	1.159648	1.201566	
103	14.810638	11.956888	1.145121	1.076558	1.230653	0.922823	1.242080	0.921556	
104	8.810896	28.713481	1.238302	0.946450	1.181220	0.891803	0.862844	
105	1.255266	24.143215	1.073667	1.037664	1.045309	1.141720	0.959546	1.361096	
106	13.902163	27.634354	1.032064	1.196923	1.189019	1.348390	1.160044	1.059481	1.104317	
107	18.142619	2.161527	0.905870	1.191531	1.045212	0.938333	1.126146	1.274198	
108	18.987169	30.784001	0.937948	1.302903	1.329198	0.976760	1.371718	0.941619	1.319098	
109	19.268691	2.551025	0.880869	1.191531	1.002745	1.292548	1.257214	1.015026	
110	6.946876	3.666977	1.009685	0.997321	0.984504	1.223493	0.986408	1.148945	
111	15.416104	16.364787	0.935354	1.360550	1.363300	1.130044	1.338626	1.071251	0.971090	
112	15.018922	24.902937	1.129397	0.965409	1.107633	1.131245	0.902550	1.314456	
113	9.016444	27.875478	1.435803	0.835954	1.176494	0.862844	1.369592	1.077771	
114	26.430080	17.178441	1.076749	1.131998	1.381787	1.277869	1.174899	0.976439	1.229971	
115	29.056272	19.534812	1.061535	1.109003	1.157744	1.011788	1.030254	1.146208	
116	11.633229	4.672265	1.141417	0.804101	1.189203	0.809088	1.455598	1.294127	
117	30.053496	18.969713	1.275104	0.871583	1.146208	1.213749	1.043100	1.042608	
118	16.709317	24.161019	1.012797	1.051809	1.192390	1.150487	1.018882	1.153618	
119	9.819615	0.689377	1.095601	0.980035	0.932125	1.200301	1.015583	
120	24.478733	17.996048	1.180943	1.063750	1.175273	0.955988	0.983718	1.185874	
121	8.721325	23.672811	1.107172	0.960511	1.060421	1.337608	1.068689	1.012037	
122	7.938424	28.346657	1.194961	1.116117	1.232566	0.946450	1.429169	0.992604	1.176494	
123	30.895453	19.195025	1.165795	1.189833	1.232342	0.871583	0.981429	1.068638	
124	3.353169	20.957837	1.034859	1.067614	1.048605	1.125676	1.084413	1.107591	
125	17.522971	29.440805	1.033925	1.022375	0.920286	1.409646	1.127670	1.047069	
126	13.672803	23.629914	0.913837	1.251041	1.004092	1.018006	1.056198	1.146948	
127	5.731628	6.249451	1.076305	1.115371	1.132986	1.042308	0.998218	1.101452	
128	9.407776	2.308874	1.016541	0.978318	1.135140	1.168137	1.132463	1.069311	
129	15.902920	11.613054	1.182433	1.145121	1.054314	1.057312	0.979725	1.087516	
130	9.898340	31.219384	1.287020	0.818588	1.462045	1.095601	1.365546	1.293953	0.900214	
131	31.124718	0.419002	0.965984	1.013743	1.195643	1.303682	1.017507	0.999749	
132	10.510620	30.559461	0.841898	0.890690	0.900214	1.040174	
133	1.336062	7.154653	1.145678	1.045018	1.078122	1.216363	1.208502	1.107863	1.275245	
134	16.605911	13.412010	1.139250	1.085681	1.324434	1.076286	1.219812	1.227447	0.933441	
135	19.210837	14.767837	1.237687	1.128017	1.201262	1.084250	1.039964	1.146370	1.277892	
136	27.579299	26.865857	1.196228	1.060181	1.057359	1.079932	1.224961	0.899094	
137	25.247546	30.181569	1.137120	1.119616	1.021263	1.033792	1.141154	1.129581	
138	27.554348	30.404509	1.103749	1.192034	1.041550	0.854081	1.244210	1.086725	
139	31.223438	31.032854	1.013743	1.089320	1.190570	1.117215	1.020585	1.049313	
140	27.515768	20.914514	0.961802	1.070327	1.037801	1.102581	1.192431	1.158380	
141	30.209393	14.054775	1.160344	0.964627	0.888298	1.226644	1.383811	1.228447	1.365627	
142	19.594263	7.277191	0.883343	1.364867	1.075219	1.110215	1.062103	1.227752	
143	15.416104	13.680899	1.097485	1.219812	1.082725	1.041843	1.012074	1.051641	
144	8.548285	6.046844	1.119477	1.070064	1.181747	1.122001	0.949284	1.049851	
145	25.321938	24.946418	1.336536	1.113847	1.121745	0.893903	1.187763	0.917146	
146	24.310010	16.103899	1.137283	1.208938	1.124118	1.219714	0.838530	0.874048	
147	23.538098	6.923728	1.120226	1.057278	0.988987	1.156105	0.931049	1.233387	
148	23.665695	17.139545	1.097871	1.180943	0.906536	1.039501	1.219714	1.071287	
149	13.206462	11.807154	1.027801	1.179380	1.398308	1.201797	1.013992	0.865023	
150	17.096064	20.558758	1.171251	1.038757	1.047988	0.973717	0.978837	1.278971	
151	3.980517	11.324907	1.086689	0.849850	1.093372	0.893658	1.159542	
152	7.798967	6.810756	1.051945	1.070064	1.087234	1.045466	1.212033	1.048112	
153	11.415822	21.922490	1.187467	0.937735	1.161747	1.094849	1.035993	1.116613	
154	20.788118	20.175015	1.020014	1.230007	1.179822	1.048871	1.317543	1.216143	1.131986	
155	12.356600	30.855924	1.013041	1.274461	0.987057	1.114009	1.271321	1.237721	1.212758	
156	10.641064	6.996539	1.187732	1.045865	1.083656	1.193897	1.066919	0.976060	
157	13.021263	4.012614	1.218003	1.002493	1.126608	1.151045	1.010208	1.115417	
158	7.518125	11.328275	1.090253	1.287353	1.122460	1.034691	1.132925	1.118405	
159	18.321446	11.905975	1.198567	1.058230	1.158515	0.802828	0.803712	
160	6.541962	0.901249	1.178842	0.721154	1.288907	1.375827	1.296076	0.851133	
161	30.480404	12.716309	1.289410	1.407136	1.365627	1.042660	0.993077	0.781409	1.322844	
162	14.074159	24.704346	0.981351	1.146948	1.075009	1.260904	0.965409	1.093985	
163	7.123030	13.799389	0.955463	1.250656	1.058264	1.034786	1.042807	1.150710	
164	29.411111	8.408955	1.257088	0.983481	1.259412	1.290091	1.029054	0.919296	
165	29.384121	23.375715	1.254481	0.959734	1.283073	0.889908	1.270554	0.836435	
166	4.529378	12.346323	1.159542	0.947503	1.208498	1.300137	0.896604	1.100441	
167	0.865832	17.972963	1.175070	1.299796	1.199268	0.844305	0.969731	1.102097	
168	27.930817	14.052371	1.103720	0.905513	1.076598	1.052512	1.407214	1.188296	
169	29.723386	27.335519	1.074132	1.058930	1.206810	1.059971	1.034250	0.974711	
170	4.110961	7.439258	0.878253	1.201932	0.924221	0.989571	1.067156	
171	1.375591	14.491137	0.959794	1.042743	1.238671	1.084440	1.023349	1.262780	
172	2.308874	7.684746	0.983983	0.899425	0.894468	1.107863	1.156052	
173	31.448851	6.261310	1.202341	1.118037	0.959069	0.987935	1.008472	1.210920	
174	14.214438	9.048067	1.187789	1.139113	1.062846	1.131338	1.238094	0.899027	
175	10.775461	11.486974	1.165676	0.898966	1.075540	1.330002	0.978847	1.139539	
176	8.937387	19.384762	0.960534	1.227968	0.843770	0.984957	0.947604	
177	13.969947	7.834353	1.158450	1.088791	1.238094	1.363966	0.816711	0.933682	
178	0.549542	21.605677	1.034142	0.983253	1.035022	0.959979	1.063317	
179	29.290597	29.911194	1.133061	1.225083	1.084242	1.305308	1.028720	0.874076	
180	14.260607	22.798757	1.255059	0.877519	1.113010	1.286073	0.993299	1.018006	
181	1.387449	0.229265	1.012931	1.125014	1.139994	1.257403	0.916319	1.081463	
182	30.389488	8.308885	1.100320	1.077272	1.206097	1.006456	0.983481	1.094157	
183	22.515733	12.431230	1.126925	1.030831	1.093068	1.165896	0.979192	1.172809	
184	17.264771	0.529049	0.965221	1.199810	0.982806	1.127704	1.153602	1.100359	
185	19.010348	28.555051	1.066269	1.078119	1.064754	1.138239	0.974484	1.172468	
186	2.990724	27.023971	1.076317	1.083686	1.093715	0.906298	1.212110	1.192706	
187	10.585724	27.128389	1.024207	0.946589	1.234934	1.040528	1.180155	1.115551	
188	13.121428	24.469072	0.981351	1.004092	1.100173	0.916973	1.037404	
189	13.143217	9.435446	1.139113	1.089409	1.207982	0.984267	0.952907	1.044215	
190	29.709599	17.985454	1.238226	0.959180	1.042608	1.178114	0.799267	1.336273	
191	17.592067	23.359429	1.119076	1.193025	1.192390	0.852451	1.112743	1.027720	
192	27.211399	24.638096	1.109199	0.932995	1.069959	1.046318	1.113599	1.209373	
193	8.886000	0.391332	1.287020	0.980035	1.129689	1.047512	1.027048	1.044427	
194	21.387907	2.860233	1.286161	1.089390	1.164375	1.126856	0.936894	1.043207	
195	16.681015	12.328930	1.179232	1.238308	0.913869	1.085681	0.965207	1.057312	
196	11.185593	31.350898	1.271321	0.894582	1.051550	1.040174	1.033758	1.293953	
197	2.430495	19.291949	1.250042	1.107421	1.072590	1.101964	1.168181	1.239336	1.072818	
198	23.909665	15.326927	1.153960	0.874048	1.327621	1.141883	0.955338	1.026817	
199	22.466354	24.927286	0.938629	1.199623	1.056366	0.982510	1.208589	1.166647	
200	27.160012	29.373607	1.510836	1.044816	1.152941	1.319459	1.103749	0.998262	0.994932	
201	9.829466	25.267863	0.951665	1.047662	0.996245	1.222232	1.142642	1.240788	
202	25.689553	21.934348	1.278025	0.898189	0.984743	1.401300	0.840099	1.097792	
203	16.447797	2.138490	1.079388	1.084802	1.149281	1.074559	1.036212	1.055156	
204	18.756259	12.581912	1.227071	0.803712	1.355659	1.033259	0.971757	1.165071	
205	10.611876	22.697406	1.069806	1.066096	0.973484	1.077024	1.191375	1.116613	
206	9.154794	5.316579	0.921401	1.228923	0.949284	1.365307	0.987714	1.058367	
207	1.444236	21.031075	1.056360	1.391962	1.354848	1.063317	1.075535	1.085646	1.132434	
208	8.656735	15.281707	1.091188	0.977074	0.942903	1.030401	1.100809	
209	14.744120	27.037474	1.173683	1.104154	1.032064	0.809938	1.302498	1.244505	
210	18.755785	6.604101	1.360260	1.068364	1.043612	0.866610	1.075219	1.126550	
211	21.709036	8.668594	1.091014	0.951438	0.956638	1.138530	1.269018	1.167973	
212	20.267512	11.039053	1.108681	0.998372	1.003372	0.842810	1.121738	
213	1.142373	1.462553	1.076815	1.257403	1.232048	0.966817	0.967468	1.057244	
214	28.926935	16.902374	1.007666	1.323259	1.104663	1.253751	1.336273	1.102022	1.108787	
215	7.198293	21.902884	1.522145	1.009621	1.415000	0.779484	1.237841	1.182765	1.015075	
216	11.289711	15.165430	0.911923	0.942717	0.998397	1.193053	0.992475	
217	7.055832	20.728730	1.020231	1.187500	1.054047	1.007100	1.002886	1.182765	
218	20.487606	16.902374	1.138427	1.004554	1.189597	0.936874	1.290475	1.024954	
219	24.639408	1.795699	0.998054	1.108179	1.308418	1.424605	0.963142	1.322499	1.144125	
220	16.922138	7.889883	1.099005	1.048131	0.952712	1.227300	1.279700	1.408795	1.203770	
221	11.909928	3.917271	1.344171	0.804101	1.068307	1.239635	1.115417	1.072859	
222	6.249356	13.244884	1.187165	1.034786	1.309080	1.073865	1.121365	1.155116	1.124336	
223	19.515206	29.575202	0.923250	1.198843	1.319098	0.949833	1.061426	1.138239	
224	3.193900	14.012843	0.966760	1.047646	1.137878	1.149011	1.132648	1.056091	
225	26.784492	27.563203	1.057359	0.943259	1.135513	1.058396	1.054757	1.180155	
226	31.350898	25.519960	0.974203	1.183290	1.373503	1.070729	1.045162	1.407612	1.072157	
227	21.693225	9.807014	1.138530	0.934763	1.176893	1.121174	1.193578	0.920821	
228	9.233851	4.261169	1.126284	0.968327	1.058367	1.136243	1.204263	1.234683	1.302174	
229	24.720505	16.835081	0.838530	0.882524	1.185874	1.097871	1.023883	
230	20.740589	30.662235	1.158331	1.232933	1.130500	0.843810	1.149766	0.988093	
231	17.753027	5.030725	1.304030	0.975809	1.022438	1.047440	0.998474	1.190741	
232	3.201806	16.997242	1.155805	0.919417	1.006719	1.180504	0.839284	
233	27.756702	23.881047	1.338296	0.856486	0.932995	1.074728	1.177871	1.099434	
234	20.275212	2.682149	1.274309	1.126856	1.016161	1.015026	1.340161	0.906899	
235	15.971400	26.831135	1.024020	1.244505	1.070558	0.901188	1.285194	1.106287	
236	28.843925	15.803483	1.065551	1.069769	0.932579	1.102022	1.100180	1.181009	
237	1.680434	8.321249	0.983982	1.010761	1.305198	1.051206	1.216363	0.894468	
238	10.040232	5.061668	1.009796	0.964297	0.972050	0.921401	1.136243	
239	21.077355	23.653521	0.962487	1.238150	0.975808	1.040607	1.115125	1.297437	
240	21.100456	26.723175	1.192546	1.295076	1.051071	0.898617	0.958035	1.260206	
241	1.735300	28.958558	1.079710	1.005112	1.008326	0.914336	1.218552	1.354267	
242	7.452556	5.817484	0.970849	1.111082	1.051945	1.119477	1.223605	1.068752	
243	31.587201	24.574850	1.361096	1.148029	1.089553	1.013908	0.971144	0.974203	
244	23.104391	24.238858	0.988449	1.461442	1.131682	1.007294	0.938629	1.034295	
245	30.729433	27.665977	0.896181	1.337780	1.027649	1.058930	1.076779	1.098877	
246	2.199364	3.099506	1.171408	0.815364	0.943908	1.115361	0.986950	
247	17.183026	22.238718	0.955424	1.195604	0.955404	1.356988	1.193025	0.918567	
248	16.542665	17.902444	1.306206	1.243012	0.918771	1.017625	1.074150	1.037432	
249	26.666539	5.191401	1.253233	0.890804	0.933521	1.162069	1.126744	1.147830	
250	28.285024	24.933785	1.180573	0.998220	1.093293	1.363825	1.164357	1.113599	1.177871	
251	13.439680	5.771157	1.003439	1.060899	0.993432	1.129249	1.083260	1.324257	
252	17.047380	30.228675	1.253473	0.920286	1.012004	0.952250	1.050715	1.371218	
253	0.942898	15.485516	1.197883	0.895710	1.584983	1.084440	1.235283	1.461647	0.826566	
254	2.061267	13.819533	1.117028	1.149011	0.959794	1.139709	1.027925	1.147456	
255	13.605700	31.108906	0.984407	1.060975	1.305188	1.274461	1.053334	0.956246	
256	4.593208	26.456405	1.163058	1.015512	0.983487	1.147722	1.043368	1.101490	
257	7.090064	17.182394	1.113928	0.938178	0.855834	1.019885	1.111971	
258	25.420760	12.210345	1.016776	1.174102	1.064843	1.167060	0.936216	1.062382	
259	26.078671	15.006636	1.220386	1.089962	1.026308	1.046288	1.057418	1.082530	
260	31.196660	4.286436	1.050462	1.468524	1.152413	0.987278	0.950830	1.097152	
261	11.190510	17.890586	1.236452	0.977442	0.938595	1.338228	1.121722	0.922674	
262	14.328596	30.440717	1.088829	1.048782	1.252255	0.984407	1.241358	0.937105	
263	11.372341	30.334148	1.413566	0.890690	1.233858	0.847469	1.114009	1.033758	
264	12.600902	3.102511	1.179507	1.084108	1.068307	1.034166	1.002493	1.157705	
265	3.187339	11.019763	1.255426	0.897674	1.116753	1.380821	0.849850	1.027748	
266	12.573912	6.496172	1.069800	1.317634	0.945316	0.867840	1.129249	1.271094	
267	14.510902	25.887196	0.946589	1.107633	1.173683	1.172671	1.260904	0.888960	
268	20.509110	9.957016	0.965786	0.942538	1.193578	1.172081	1.108681	1.064856	
269	10.490856	23.756611	0.932208	1.262964	1.066096	0.908433	1.156672	1.220207	
270	7.328578	18.602098	1.144740	1.354183	1.130552	0.953620	0.922530	1.139936	
271	10.143006	10.739885	1.173862	0.978847	1.162101	1.173683	1.018327	1.088558	
272	0.292511	7.099313	1.089359	1.045018	0.987112	1.353958	1.023804	0.959069	
273	4.775039	24.740870	0.992481	1.335233	1.064931	1.107263	0.923182	1.265782	
274	4.726056	8.968219	1.002934	1.009098	1.003091	1.157050	0.976898	
275	8.874142	16.360834	1.028451	1.099577	1.029108	1.024848	1.209900	1.100809	
276	31.112859	10.423658	1.086889	1.232534	1.097092	0.980685	1.295697	0.968189	
277	15.520127	2.816925	1.020079	0.988725	1.089165	1.160834	1.149281	1.003175	
278	13.267383	22.810932	1.365031	1.015989	0.993299	0.979546	1.226515	0.913837	
279	28.758480	27.197612	1.093158	0.974711	0.922805	1.224961	1.338100	1.021185	
280	16.092040	14.526713	0.982885	1.313293	1.227447	0.977153	0.984804	1.082725	
281	22.712427	4.945802	1.254644	0.857227	1.242009	1.085738	1.237294	1.023475	
282	31.464663	8.376083	1.353958	1.120770	1.102554	1.077272	1.148872	1.274627	0.934691	
283	0.067198	9.502644	0.950740	1.086889	0.900673	1.028391	1.148872	
284	29.602872	11.771579	0.978535	1.009801	0.903286	1.159980	1.289410	
285	24.902937	5.353578	1.422814	1.145086	1.324249	0.951694	0.856957	1.023144	
286	10.463186	21.515347	0.967253	1.106691	1.035993	1.322775	0.869264	1.191375	
287	18.819505	8.664641	1.031420	1.161424	1.019241	1.167732	0.979828	1.098342	
288	30.701763	3.474553	1.009122	1.209371	1.330161	0.950830	1.227625	1.220047	1.129037	
289	27.039403	0.746298	1.312257	1.002752	1.142757	0.956679	1.062062	1.198040	
290	25.887196	27.001898	0.960631	1.058396	1.170912	1.333368	1.044330	1.011381	
291	26.472217	9.384059	0.996596	1.103872	0.989526	0.970519	1.017849	
292	20.577415	19.177000	1.100647	1.139446	1.101268	1.098441	1.121788	1.020014	
293	25.752799	28.037544	0.963131	1.105436	0.812696	1.135513	1.044330	
294	29.104813	10.028373	1.184472	0.880953	0.963805	1.096167	0.888395	
295	16.676904	31.105902	0.846641	1.199810	0.974990	0.952250	1.170857	1.424369	
296	24.626237	25.507722	1.109414	1.199095	1.093446	0.893903	1.216328	1.027930	
297	7.447164	27.484146	1.107141	1.069593	1.124778	1.108427	0.992604	1.230155	
298	15.538642	22.942324	1.087953	0.895440	1.286073	1.202354	0.958965	1.030822	
299	16.052512	15.503066	1.218360	0.977153	1.071251	1.241181	0.951329	1.244728	
300	21.922490	16.285730	1.120284	1.077243	0.995615	1.252129	1.270857	0.952367	
301	1.035646	4.427189	1.137466	1.014897	0.920576	1.395310	1.084320	1.468524	1.124194	
302	29.531720	21.677413	0.959937	1.256639	1.157994	0.781275	1.061426	
303	1.608809	23.167637	1.038918	1.301742	1.037664	1.179406	1.058716	0.933711	
304	24.945311	27.945680	0.812696	1.333368	1.091145	0.953173	1.191314	1.349527	1.481808	
305	26.440594	25.345655	1.101944	1.187763	1.064549	1.090140	1.060275	1.046318	
306	17.428103	19.574499	1.288713	0.990849	1.201966	1.038757	0.876160	1.105703	
307	9.388486	20.097824	1.476078	1.212595	1.052296	1.232835	0.835211	0.843770	
308	11.577889	24.151896	1.162331	0.958449	1.178106	1.156672	1.028410	1.073582	
309	2.369684	16.887828	1.309982	0.839284	1.178826	0.891097	1.241013	1.076441	
310	2.940918	5.941129	1.125000	0.837789	1.055233	0.883928	1.023128	
311	18.566807	29.523024	1.021385	1.329198	1.209595	1.064754	0.949833	1.047069	
312	8.344460	13.530596	1.253258	1.165195	1.050000	1.068139	0.986511	1.250656	
313	17.872877	21.262206	1.120843	1.128211	1.195604	1.143913	1.047988	1.125688	1.179578	
314	8.672546	18.436079	1.145985	1.319744	1.105024	1.354183	0.984957	1.220271	0.938900	
315	17.589221	11.576766	1.240191	0.802828	1.179232	0.984601	1.187887	1.144941	
316	8.397428	26.993202	1.045737	1.177491	1.429169	1.069593	1.077771	0.894389	
317	29.767943	2.839963	1.033515	1.016537	1.220570	1.161152	1.129037	0.927612	
318	3.672195	24.642049	1.154401	1.107263	0.939490	1.020394	0.867403	
319	23.681507	1.170043	0.902644	1.056091	1.144125	1.034614	0.868593	
320	28.559320	9.336625	1.259412	1.241537	1.243768	0.880953	0.799941	1.314641	
321	18.128358	22.377225	1.099160	1.143913	1.119076	0.955424	1.057621	1.182782	
322	28.341914	22.677484	1.134207	0.982861	1.338296	1.169722	1.254481	1.027005	1.240420	
323	27.724669	0.014230	0.973002	1.244210	1.158194	1.002752	1.136163	1.035084	
324	11.126790	13.271447	0.959810	1.132871	1.145154	1.042373	1.047296	1.286478	
325	25.786066	2.454623	1.270624	0.977000	1.067454	1.322499	1.272942	1.139426	1.011769	
326	19.635041	19.746843	1.101268	1.230007	1.018878	1.278967	1.051773	1.055818	
327	27.080038	13.222779	1.284006	1.028335	1.054898	0.895446	1.188296	1.167265	
328	3.751252	29.124577	1.064616	1.095395	0.908179	1.231647	1.042548	1.108585	
329	23.547110	0.122538	1.372459	1.298591	1.166328	1.056091	1.179102	0.903500	1.193956	
330	2.647459	29.021613	1.108585	1.185212	1.049636	1.329300	1.515809	1.053060	0.914336	
331	17.374344	24.975906	1.051809	1.472184	0.982544	1.139612	0.944398	1.387485	1.142272	
332	6.229276	14.366069	1.181806	1.012331	1.036679	1.058264	1.121365	1.120269	
333	0.399238	3.636619	1.079004	1.330161	1.050462	1.014897	0.937833	1.254149	
334	24.602931	19.600034	0.993780	1.323102	1.034940	0.992609	0.933338	1.334496	
335	9.079690	17.364857	1.094807	1.024848	1.145985	0.910793	1.079068	1.319327	
336	21.716942	7.577608	1.115712	1.184508	1.116463	1.091014	1.196198	0.977601	1.398793	
337	19.814911	23.354227	1.277754	1.297437	1.117444	0.980025	1.150422	1.025881	1.136369	
338	14.293495	1.557422	1.101313	1.219849	0.878208	1.129207	1.219849	1.043551	
339	4.778992	5.826497	0.929324	1.117195	1.090643	1.116076	1.042308	1.281631	
340	0.553399	31.472568	1.277968	1.011916	0.984944	0.916319	1.195643	1.049313	
341	15.455632	25.946488	1.245649	1.037580	1.302498	0.946589	1.024020	1.131245	
342	31.181215	23.645773	1.235648	0.941303	1.247419	1.044396	1.013908	1.045919	
343	17.254177	17.147451	1.006907	1.279699	1.037432	1.141687	0.941058	1.121942	
344	2.709123	9.858986	1.088132	1.063963	1.038698	1.255426	1.215916	0.973578	
345	5.641424	18.266264	1.206311	1.097051	1.103895	1.133896	1.134842	0.892220	
346	30.515979	26.610567	1.373503	0.963652	1.074132	1.076779	1.110979	0.999062	
347	7.090064	10.279331	0.984594	1.122515	1.132925	1.380677	0.950760	0.946392	
348	8.779178	8.208482	1.186053	1.010977	0.908523	1.151525	0.982988	1.428451	
349	30.278809	31.575342	1.214612	1.089320	1.054373	1.346850	0.965984	1.021335	
350	5.109577	4.119278	0.988185	1.070812	1.118447	1.006424	1.126492	1.213306	
351	27.058661	10.942588	1.083609	1.154052	1.054479	1.215209	1.032482	1.061164	
352	5.142654	8.055902	1.002934	1.228630	1.156557	1.201932	1.300439	1.052981	1.105448	
353	12.530525	26.108555	1.034929	1.120248	1.219484	1.001249	1.027048	1.326891	1.276513	
354	23.768469	5.197994	1.085738	0.975585	1.037248	1.145086	0.787037	
355	26.630331	26.393160	1.113476	1.060181	0.960631	1.180155	1.106268	1.064549	
356	22.594474	17.127686	1.090886	1.077243	0.930500	1.188585	1.071287	1.205491	
357	4.217008	21.613377	1.127572	1.105823	1.062388	1.000745	1.281393	1.084413	
358	16.299960	1.112878	0.959504	1.127704	1.036212	0.959276	1.228842	1.099580	
359	18.339281	15.512521	1.000776	1.146370	0.843842	0.955417	1.158062	
360	13.625464	28.760915	1.160044	0.875571	1.093303	0.883928	1.003400	
361	10.988915	3.367035	1.107124	1.020795	1.072859	1.455598	0.931774	0.985191	
362	20.843363	9.075737	0.956638	1.121174	1.141997	0.942538	1.294441	1.022432	
363	23.776375	26.353631	1.011164	1.123749	1.050530	1.107277	1.199095	1.039989	
364	4.514151	18.388645	1.111769	1.050432	1.163682	0.914223	1.027740	1.133896	
365	6.743557	28.361678	1.124778	1.194961	0.906816	1.116356	0.965215	1.126998	
366	14.743108	7.571220	0.978834	0.926338	0.816711	1.151233	1.272246	
367	26.812162	18.862986	0.870329	1.285131	1.049405	0.922446	1.047387	1.381451	
368	29.727339	12.924861	1.159980	0.781409	1.285115	1.055571	1.057756	1.228447	
369	24.428595	30.791730	1.442496	1.028036	1.298591	1.102309	1.021263	1.129686	1.177830	
370	4.382917	0.904334	1.083896	1.254084	1.072109	1.066182	1.042530	1.027177	
371	10.125376	14.905238	0.933605	1.282278	0.901869	1.154373	1.193053	1.244350	
372	15.890445	20.985665	1.040012	1.077289	0.941848	1.278971	1.048002	1.082589	
373	0.233218	11.044255	1.076162	1.127567	1.172135	1.415715	1.004653	0.968189	
374	22.598427	9.573796	1.034242	1.089582	1.082626	1.269018	1.216094	0.934763	
375	0.683843	2.415190	1.057244	1.061260	1.076152	0.961842	1.080979	1.254149	
376	30.330196	30.361818	0.993935	1.133061	1.003136	1.214612	1.117215	1.070027	
377	13.348765	13.783578	1.185334	0.924717	0.984394	1.225368	1.019268	1.195667	
378	10.421333	9.687511	0.987449	1.301779	1.088558	0.945433	1.085068	1.091561	
379	19.740518	9.372200	1.161424	1.052712	1.103227	1.128501	0.965786	1.141997	
380	28.921401	18.532054	0.846167	0.959180	1.011788	1.067506	1.213749	
381	15.841794	22.032537	1.043267	1.356988	1.254944	0.958965	0.985644	1.378713	1.048002	
382	21.858232	14.645804	1.203997	0.718764	1.177538	0.753623	1.301656	
383	4.143691	27.397974	0.993552	1.043368	1.023341	1.105765	1.288249	1.212110	
384	27.187682	16.562429	1.097533	0.895283	0.959272	0.976439	1.118034	
385	23.194516	11.725488	1.340311	0.820184	0.979192	1.252019	1.199555	1.271596	1.317731	
386	5.269145	20.021170	1.074330	0.914681	0.932334	1.128771	1.098120	1.369244	
387	26.167848	10.325611	0.989526	0.998509	1.019762	1.083609	1.268918	1.273497	
388	19.570546	4.371849	1.201239	1.262964	1.212438	0.874142	1.219965	0.876110	
389	18.200489	14.521416	1.169090	1.039964	1.200612	1.176731	1.000776	0.926730	
390	3.944941	13.404104	1.278799	1.208498	0.974335	1.370082	1.162567	0.966760	1.121480	
391	28.207833	29.854589	1.012850	1.238973	0.854081	1.152941	1.129644	1.084242	
392	11.062122	7.953903	1.070143	1.030317	0.995112	1.220686	1.163772	1.045865	
393	0.456098	29.403174	1.354267	0.844059	1.097246	1.062863	0.924209	1.287173	
394	3.652431	2.529822	0.911343	1.226193	1.288503	0.997741	1.103468	1.131405	
395	19.981168	28.470618	1.117004	0.930693	1.217054	1.095084	1.198843	0.974484	
396	21.319017	10.648369	0.920821	1.192456	1.239269	1.121738	1.122594	1.064856	
397	23.834703	4.413749	1.069865	0.826599	1.242009	0.787037	1.422814	1.375090	
398	25.582826	26.037404	1.106268	1.011381	0.979218	1.093446	1.101944	1.121745	
399	9.442561	8.829237	0.942445	0.908523	1.223567	1.301779	0.969952	1.180222	
400	31.478161	26.557345	1.045162	1.017255	0.963652	1.337780	1.254453	1.142044	
401	5.813531	7.244304	1.097986	1.190695	1.052981	1.025038	1.142462	0.998218	
402	29.800609	9.361449	1.206097	0.984057	1.100111	0.963805	1.241537	1.029054	
403	10.143006	20.455984	1.027536	1.002528	1.163036	1.106691	0.835211	
404	16.758143	16.141119	1.360550	0.951329	1.045903	1.121942	1.065774	1.058558	
405	29.986899	7.291485	1.032324	1.096905	1.257088	1.094157	0.983013	1.040247	
406	20.811266	25.566224	1.277767	0.942083	1.192546	0.946064	1.231292	1.114106	
407	15.057454	4.791625	1.142537	1.247602	0.939489	1.255354	1.175666	1.098658	1.239334	
408	10.850565	17.032818	1.219515	1.179069	1.286992	0.989783	0.922674	1.119724	
409	13.238085	16.902374	1.212152	1.034070	1.362469	0.998821	1.394386	1.094476	0.960094	
410	12.330954	22.523512	1.002162	0.979546	0.994867	1.181413	1.094849	1.211478	
411	24.172609	27.387586	0.993412	1.107277	0.971238	1.258748	0.953173	1.295420	
412	27.332499	22.866746	1.050475	1.002470	1.099434	0.928540	1.027005	
413	12.064089	12.613535	1.398308	1.280198	1.140102	1.145154	0.834292	0.816165	
414	0.449360	30.466015	1.119097	1.237170	1.020585	1.011916	1.018752	1.062863	
415	22.784211	22.045028	0.999570	1.068576	1.107206	1.191836	1.006789	1.231107	
416	29.496145	30.919170	1.003136	1.028720	1.122121	1.000453	1.021335	1.428379	
417	19.325469	24.203283	1.023551	0.980025	1.234460	1.462986	1.125923	0.802428	
418	6.285976	25.539503	1.145974	1.009207	1.063478	1.133766	0.989911	1.100219	
419	24.031413	8.054163	1.043551	1.014127	1.069086	1.309201	1.455170	1.056123	1.233387	
420	30.140459	23.732894	1.027079	1.044396	1.164561	0.836435	0.985992	
421	1.489920	27.907100	0.948330	0.982110	1.079710	1.006080	0.980100	
422	2.616785	8.799038	1.051206	1.156052	1.186049	1.063963	1.075183	1.309450	1.332784	
423	14.147335	4.047399	0.833294	1.175666	0.859925	1.126608	1.054110	
424	20.116039	22.258482	0.915425	1.019436	1.505511	1.136369	0.833271	1.333276	
425	18.736495	9.829418	1.103227	0.955799	1.167732	0.875809	1.217064	1.068243	
426	12.953480	28.199611	1.104317	0.875571	1.091229	1.062574	1.218561	1.161821	
427	12.230109	1.043552	1.089197	1.147892	0.800674	1.432508	1.158638	0.935957	
428	10.530796	2.454813	0.971177	1.055180	1.097550	1.132463	1.020795	1.142896	
429	23.467737	29.220710	1.012613	1.003620	1.214922	1.078331	0.877287	1.402023	
430	23.922631	28.326102	1.281702	1.113314	1.091145	1.161908	1.003620	0.971238	
431	26.541945	28.589694	1.054757	1.280608	1.020350	1.284817	0.998262	0.963131	
432	7.862213	7.854307	1.045466	0.952357	0.894841	0.982988	1.156753	
433	30.887547	18.005218	0.962584	1.046318	1.178114	1.091229	1.189833	1.275104	
434	10.518621	18.545968	0.938595	0.965907	1.110422	0.842456	1.154716	
435	3.229176	4.384624	0.932351	1.201566	1.123020	1.144492	1.129357	1.064256	
436	15.858822	10.526432	1.038945	1.220193	0.964544	1.084332	1.040508	1.087516	
437	1.604856	17.345093	1.057156	1.337744	0.969731	1.147007	1.239361	0.891097	
438	21.416367	17.285168	1.188585	1.120284	1.194253	1.128185	1.064908	1.251826	1.004554	
439	28.610707	23.815904	1.169722	0.889908	1.176814	1.164357	0.856486	
440	16.732402	11.091689	1.040508	1.123825	1.153500	0.984601	0.979725	1.238308	
441	14.827129	3.565468	1.020079	0.974289	0.833294	1.247602	1.163299	1.215942	
442	0.224996	14.949873	1.063681	1.238671	1.143613	0.895710	0.904685	1.238490	
443	8.055902	31.409323	1.102072	1.156936	1.134088	1.027048	0.987023	1.041298	
444	15.610710	28.628732	1.024380	1.023664	0.997908	1.180738	0.914212	1.264177	
445	5.154513	12.989055	0.993141	0.896604	0.839429	1.278799	1.124336	
446	6.454999	10.981009	0.946392	1.118405	1.109342	0.852735	1.104316	
447	12.230109	27.290456	1.219484	0.887852	1.128751	0.955617	1.129055	1.161821	
448	29.593701	1.631893	1.121226	1.220570	0.829524	1.414577	1.036914	0.909170	
449	23.159731	14.625534	1.055025	1.026817	1.086688	1.156234	0.985916	1.301656	
450	11.356530	27.677835	0.955617	1.317253	1.037681	0.946589	0.857777	
451	31.532150	17.290338	0.965030	1.249997	0.962584	1.415428	1.139422	1.272546	1.175070	
452	23.881284	19.008135	0.933338	1.237791	1.302960	0.918831	1.175273	1.100960	
453	15.509343	1.656142	0.959276	0.931521	1.119912	1.219849	1.055156	1.160834	
454	13.969362	29.575202	1.179705	0.883928	1.051002	1.388485	0.937105	1.173809	
455	0.134397	5.099173	0.987278	1.124194	1.008151	1.202341	1.066239	1.237872	
456	13.815201	26.440594	0.999140	1.326891	0.928238	1.196923	1.104154	0.888960	
457	20.831504	4.300698	1.255245	1.262964	0.945053	1.229459	0.818590	1.143347	
458	22.010559	11.532669	1.199555	1.012353	1.030831	0.976293	1.293330	1.122594	
459	8.195564	10.474033	1.269088	0.940500	1.090253	1.122515	1.440884	1.042562	1.212550	
460	26.362486	30.424760	0.899938	1.141154	1.108902	0.909684	1.192034	1.319459	
461	5.249381	13.823106	1.155116	0.839429	1.038121	1.083693	1.120269	1.370082	
462	2.312416	10.818942	1.038698	0.897674	0.988845	1.314849	1.180181	1.119221	
463	19.677462	27.590873	1.155430	1.089222	0.930693	1.073116	1.223599	1.172468	
464	17.862916	24.167707	0.852451	1.230650	1.462986	1.060144	1.153618	0.944398	
465	23.032560	13.476315	1.352268	0.786532	0.942560	1.256405	1.156234	1.165896	1.492762	
466	3.442930	18.843222	1.122470	1.050269	1.054647	1.107421	1.049881	1.163682	
467	4.952917	30.863830	0.995380	0.996654	0.889356	1.011906	1.160154	
468	30.966604	7.372060	1.200378	0.983013	1.100320	0.987112	1.120770	1.210920	
469	26.930747	14.380458	1.167265	1.052512	0.945136	1.099527	1.204432	1.057418	
470	4.826426	29.334078	1.157176	1.392800	1.204069	1.095395	0.913964	0.949186	
471	21.397394	12.292390	1.126925	0.976293	1.057556	1.040856	0.862595	
472	16.441788	3.213032	1.064391	1.074559	1.272944	1.042515	1.003175	0.963228	
473	9.882118	26.262716	0.910168	0.996245	1.024732	0.971742	1.115551	
474	21.329563	15.182886	1.327056	0.753623	1.397332	1.052237	1.252129	1.318682	0.987991	
475	23.564977	10.076756	0.851284	1.247231	1.162479	0.908382	1.089582	1.200774	
476	6.609160	9.459163	1.211282	0.972529	0.950760	1.137708	1.131017	1.156390	
477	29.333920	13.904377	0.888298	1.324978	0.993594	0.976826	1.055571	
478	27.096767	4.411377	1.164453	1.031049	1.043582	0.890804	1.363113	1.031970	
479	24.683949	8.901005	0.991758	1.291390	0.801413	1.347290	1.061898	1.069086	
480	8.992727	10.973103	0.940500	0.894503	1.081246	1.173683	1.004262	
481	13.028963	17.915078	1.034070	0.968059	0.971292	1.368428	0.881165	
482	21.698284	19.222379	1.121788	1.317543	0.874355	1.347888	1.314263	1.037472	1.055267	
483	18.938090	21.633932	1.235744	0.851582	0.907231	1.099160	1.333276	1.128211	
484	11.037567	5.219814	1.009796	1.193621	1.205377	1.064794	1.199704	0.809088	
485	2.494247	30.342054	1.329300	0.884514	0.969149	1.228504	1.068196	1.150199	
486	12.629346	29.211540	1.062574	1.093303	1.073133	1.388485	0.845142	1.136786	
487	18.886545	20.783912	0.944896	1.278967	1.120843	0.904495	0.851582	1.447196	
488	26.401066	22.381020	1.043320	1.253958	1.050475	1.149405	0.840099	1.305532	
489	1.764393	9.623744	1.186049	0.973578	1.124864	1.024857	1.221029	1.314849	1.305198	
490	21.597977	21.929605	0.932544	1.229436	1.032923	0.958518	1.191836	1.261219	
491	18.647793	18.320023	1.213804	0.913758	1.162209	1.133445	1.030337	1.014701	
492	25.758380	23.333957	1.149405	1.401300	1.054763	1.068808	1.000000	1.001419	
493	25.385184	17.613887	1.131998	1.225421	0.983718	1.023883	0.976641	1.157600	
494	20.432267	29.468475	1.058533	1.095084	1.216328	0.923250	1.025371	1.232933	
495	3.825091	17.787812	1.240622	1.138773	1.137836	1.122470	0.914223	1.006719	
496	21.416367	21.014916	1.108459	0.977666	0.932544	1.048871	0.941947	
497	8.589537	25.314033	0.819746	1.300961	1.400486	0.846322	1.240788	1.219939	
498	5.576550	26.439487	1.145974	1.032493	1.119694	0.983487	1.294212	0.971193	
499	1.729133	2.231777	1.239406	0.940422	1.173696	1.061260	0.986950	0.967468	
500	21.724848	30.749197	1.065133	0.988093	1.031438	1.013233	0.924544	
501	8.202158	5.055691	0.987714	1.049851	1.068752	1.090809	0.970219	1.302174	
502	0.711512	8.033450	1.010761	1.078122	0.988193	0.934691	1.023804	
503	3.320392	19.890726	1.054647	1.046378	1.066339	1.067614	1.125567	1.072590	
504	20.986582	16.109433	0.987991	1.042361	0.936874	1.251826	0.952367	
505	29.438101	26.341393	1.102122	0.861122	1.110979	1.034250	1.093158	1.162899	
506	17.804098	16.303976	1.058558	1.006907	1.127420	1.233282	1.258505	0.955417	
507	13.214083	19.812444	1.142747	0.945541	1.403192	0.930613	1.011554	1.060796	
508	6.098958	24.567419	1.047533	0.989911	1.335233	1.254844	0.957539	1.052695	
509	21.286082	6.700076	1.141737	1.035042	0.904746	1.121737	0.977601	
510	19.308077	22.462291	0.907231	1.182782	1.007633	0.833271	1.025881	
511	7.378653	12.878755	0.890993	1.165195	1.187165	0.955463	1.032105	
512	16.498583	18.975690	1.033898	1.074150	1.086692	1.032836	1.105703	1.133540	
513	18.205391	3.285923	1.292548	1.126146	1.085327	1.048051	0.988597	1.015392	
514	9.411729	24.412784	1.170770	1.262964	1.228377	1.012037	1.301658	1.219939	0.951665	
515	13.044395	21.819716	1.139435	1.029564	0.878217	1.015989	1.002162	
516	29.066597	10.915945	1.169086	0.888395	1.400112	1.047430	1.009801	1.452952	1.179511	
517	3.292722	15.064300	1.019574	1.241987	1.188992	0.958335	1.056091	1.047266	
518	20.823598	27.737128	1.051071	0.969254	1.117004	1.155430	1.036909	1.260489	
519	26.389207	12.653063	1.064843	1.156510	1.155449	0.895446	1.072076	1.125762	
520	1.612762	11.692522	1.119221	0.972968	1.017541	0.996384	1.028728	
521	4.159170	31.466560	1.165032	0.996654	1.261391	1.083896	1.055759	1.002630	
522	25.926724	8.550008	1.003276	1.218874	1.291390	1.021794	0.996596	1.331658	1.241207	
523	2.537728	6.727746	1.275245	0.983983	0.909924	0.883928	1.355159	1.123129	
524	15.007316	9.855080	1.171042	1.131338	1.037351	1.084332	1.038561	1.022217	
525	30.389488	29.369654	0.996229	0.971347	1.225083	0.993935	1.281457	1.104854	
526	25.348897	29.066549	1.105436	1.284817	1.119616	0.921464	0.958020	1.191314	
527	20.734106	11.740920	1.293330	1.239269	1.395590	1.251574	0.862595	1.235994	0.842810	
528	6.881907	16.088088	0.983095	1.223909	1.312738	1.327394	1.113928	1.104973	1.156759	
529	5.628854	28.195658	1.004151	1.126998	1.099346	1.392800	1.031141	0.879284	
530	24.919159	0.156087	0.870430	1.263934	0.769559	1.234203	1.372459	1.102309	
531	17.297184	3.808963	1.151571	1.304030	1.042515	0.875356	1.110327	1.048051	
532	5.192618	21.092771	1.190945	1.158735	0.915380	1.105823	1.099493	1.074330	
533	15.470099	19.326576	1.086692	1.145784	1.176267	0.996163	1.061980	1.074419	
534	28.326102	1.004023	1.264818	1.414577	0.867359	1.312257	1.213020	0.948370	1.158194	
535	22.158238	2.089933	1.181181	0.970801	0.907234	1.089390	1.295974	1.076739	
536	29.559390	0.723371	1.428379	0.880882	1.264818	0.909170	1.054373	1.143873	
537	8.063808	12.309166	0.807911	1.122460	0.890993	1.253258	1.207587	1.319434	
538	4.725233	9.971310	1.256927	1.003091	0.905247	1.345201	1.007346	1.338160	
539	26.863549	31.184011	1.320304	0.909684	1.041550	0.973002	1.198040	1.053091	
540	9.174558	29.527768	1.060321	0.891803	1.467869	0.927679	1.051473	1.250156	
541	11.551958	18.952479	1.110422	1.036564	1.095276	1.121722	1.311739	0.810648	
542	9.111313	12.909999	1.207587	0.986511	1.064783	1.311756	1.242186	1.368470	1.484960	1.161545	
543	13.819153	4.842238	1.003439	1.095708	0.859925	1.151045	1.239334	1.149619	
544	6.048821	15.362187	1.116440	1.104973	1.232798	1.107141	1.027479	1.012331	
545	9.984892	28.843925	1.129519	0.831302	1.060321	1.181220	1.369592	1.018809	
546	17.228563	15.184783	1.218360	1.313293	1.065774	1.176731	0.962784	1.158062	1.258505	
547	2.379614	20.392738	1.066339	1.125676	1.044014	1.095534	1.132434	1.101964	
548	12.858612	0.083010	0.956246	0.987057	1.066133	1.147892	1.146644	1.226960	
549	15.139404	20.266247	1.193155	1.040012	0.996163	1.176283	1.161738	0.905884	
550	20.029788	15.695839	1.397332	1.042361	1.159572	1.290475	0.915133	1.237687	1.076340	
551	24.223047	3.684053	1.210206	0.826599	1.076685	0.999115	1.140996	1.308254	
552	27.875478	15.127546	0.998137	1.181009	0.889580	1.204432	1.076598	1.140977	
553	10.435516	4.182112	1.007542	1.204263	0.964297	1.199704	0.985191	1.294127	
554	25.910913	19.400573	1.049405	1.206247	1.008815	1.323102	1.036596	1.059799	
555	4.834332	6.941199	1.132986	1.116076	0.878253	1.118450	1.156557	1.025038	
556	14.966080	10.891612	0.964544	1.037351	0.955851	1.076558	1.182433	1.244447	
557	4.909436	17.439961	1.172317	1.199998	1.103895	1.027740	1.138773	1.002629	
558	19.471725	0.857768	1.086774	1.137850	1.023949	1.070667	1.170710	0.979094	
559	30.508074	2.280793	1.214986	1.013117	0.927612	1.209371	1.121226	1.013712	
560	22.325680	14.099806	0.942560	0.998061	0.985916	0.718764	1.453491	
561	26.707063	23.650184	1.002470	1.074728	0.984038	1.000000	1.109199	1.305532	
562	19.591891	18.691907	1.046924	1.110563	1.055818	1.098441	1.014701	1.110363	
563	2.846050	13.024631	1.089151	1.116922	1.117028	1.003017	1.047646	1.162567	
564	15.716046	5.860349	1.255354	1.198249	0.972158	1.068607	1.205149	0.872176	
565	12.140316	21.327128	0.993607	1.134737	1.211478	0.937735	1.029564	1.182725	
566	0.854201	26.364541	1.259795	0.984552	1.017255	1.407612	0.807426	1.208796	
567	17.819435	31.361889	0.976281	1.302903	0.965221	1.254573	1.101256	1.170857	1.371218	
568	13.064160	26.986087	0.928238	1.059481	0.887852	1.027048	1.218561	
569	23.219024	1.905272	1.136093	0.868593	1.076739	1.078993	1.424605	1.046925	
570	27.337890	9.822825	1.314641	0.906303	1.273497	0.970519	1.102646	1.154052	1.421003	
571	24.785363	26.605665	0.979218	1.170912	0.993412	1.039989	1.349527	1.109414	
572	12.028514	16.981431	1.212152	1.012809	1.236452	1.179069	1.065507	0.963080	1.368428	
573	21.277860	0.055972	1.105593	1.031438	1.037353	1.041057	1.149766	1.184827	
574	31.077442	14.475484	1.198563	1.020438	0.964627	0.967602	0.904685	
575	26.207376	16.024842	1.012056	1.118034	1.174899	0.811422	1.383702	1.026308	
576	20.167268	1.671738	1.257214	1.016161	1.070667	0.933768	1.067391	1.227881	
577	6.511588	30.024277	1.019021	1.034029	1.150247	1.012169	1.089010	
578	15.831153	12.664922	1.053543	1.097485	1.076286	0.913869	1.242080	1.054314	
579	14.641346	2.363803	0.878208	1.326332	1.215942	0.988725	1.107503	1.119912	
580	18.080323	30.421111	1.021385	0.976760	1.050715	0.976281	1.127670	
581	2.466988	27.984133	0.975420	1.093715	1.053060	1.084017	0.980100	1.218552	
582	30.784001	5.362432	1.038492	1.152413	1.144978	0.991749	1.118037	1.008151	
583	0.652220	11.957362	0.996384	1.370861	1.350671	1.004653	1.159299	1.373249	0.883062	
584	9.764544	22.032569	1.064013	0.869264	1.250639	0.960216	1.077024	1.331971	
585	11.486974	12.036419	1.156625	1.247914	1.166280	0.898966	0.816165	1.286478	
586	13.981220	20.471795	1.059924	1.011554	1.129913	1.100809	1.176283	1.051524	
587	28.029639	16.258060	0.932579	1.104663	1.169949	0.895283	1.140977	1.251067	
588	12.427751	10.111383	1.100227	0.984267	1.234668	1.504488	1.022692	1.280875	0.991641	
589	23.742049	22.518737	1.068576	1.035525	1.157141	1.025830	1.285907	0.874410	
590	11.075878	29.136436	1.046997	1.112570	1.233858	1.264076	1.188486	1.129519	
591	12.902093	20.689202	1.100809	0.930613	1.129445	1.345717	1.139435	0.993607	
592	19.479630	16.716590	1.159572	1.024954	0.932277	0.834483	1.046086	
593	22.968097	27.753097	0.764366	1.258748	0.821601	1.176287	1.113314	
594	15.666777	7.641486	0.968929	1.279700	1.218510	0.926338	0.904276	1.243710	
595	1.151069	22.353825	1.370221	1.025527	1.354848	0.959979	0.960209	0.933711	
596	28.196338	4.028109	1.025211	1.347726	1.055027	1.076626	0.921238	1.164453	
597	24.195377	23.266458	1.025860	0.950592	1.150577	1.461442	1.181961	0.874410	
598	7.980798	19.297799	0.971412	0.953620	1.105024	1.074491	0.960534	
599	3.462694	1.442789	1.066182	0.879071	0.999015	1.373704	1.058221	1.103468	
600	14.864729	22.162301	1.122430	1.051309	0.877519	1.030822	0.985644	
601	7.340437	25.677695	1.380893	1.300961	0.824920	1.180360	0.925796	1.063478	
602	25.994239	7.333006	1.013260	1.130835	1.218874	0.890286	1.118296	1.148763	
603	1.378676	19.947410	1.239336	1.095534	1.103772	1.085646	0.854272	1.254938	
604	7.100942	19.709496	0.971412	1.258533	1.168650	1.020231	0.939533	1.130552	
605	27.246975	8.723933	1.102646	1.017849	0.900113	1.229766	1.331658	1.002060	
606	27.692224	17.378297	0.900851	1.323259	0.877073	1.277869	0.959272	1.169949	
607	7.202245	4.619756	0.957141	1.090809	1.223605	1.066787	0.986408	1.128806	
608	26.685671	7.893836	0.963595	1.235591	1.003276	1.002060	0.890286	
609	15.036630	8.684405	1.171042	0.899027	1.244651	1.363966	1.218510	1.151233	1.031996	
610	11.826918	0.351803	0.894582	1.058079	0.800674	1.237721	1.066133	
611	1.895311	6.083337	1.141527	1.055233	1.208502	1.090340	1.037893	0.909924	
612	31.258324	21.243185	1.015581	1.101008	0.958390	1.069583	0.983253	1.411355	
613	28.519792	13.364576	1.118996	1.285115	1.401748	0.976826	0.929760	0.905513	
614	26.468264	3.201806	1.011769	1.004964	1.062875	1.158996	1.039673	1.363113	
615	5.241475	2.699795	1.259015	0.962094	1.082144	0.806093	1.127575	
616	29.298503	6.522198	1.000589	1.023062	1.032324	1.165152	1.102911	1.112560	
617	5.103126	15.937879	1.107141	1.082230	0.800098	1.067012	0.994807	
618	14.301590	19.461447	0.983581	1.176267	1.059924	1.161738	1.456174	1.142747	1.232220	
619	5.945082	2.043622	1.026670	1.288907	0.962094	0.899873	1.012739	1.449438	
620	23.699690	30.066778	0.901370	1.028036	1.228889	0.877287	1.053807	
621	19.006396	16.029269	1.076340	1.277892	1.233282	1.228685	0.834483	0.843842	
622	7.737461	9.537508	1.131017	0.984594	1.042562	0.940246	0.964593	
623	9.928398	16.673267	1.040752	0.989783	1.094807	1.099577	1.067941	1.175150	
624	23.088580	5.897648	0.975585	1.165908	0.976161	1.243012	1.120226	1.023475	
625	25.357988	20.244364	1.391983	0.907954	1.113947	0.992609	1.189607	1.008815	
626	3.206629	7.629959	1.386520	0.924221	1.309450	0.899425	1.032089	1.123129	
627	19.385236	26.001623	1.400196	0.884223	1.038692	1.116038	0.829485	
628	12.285449	9.020397	0.916413	0.962378	1.100227	0.952907	1.127222	
629	23.634073	25.238929	1.027930	0.946787	1.208589	1.011442	1.131682	1.123749	
630	3.253494	22.060934	1.107591	1.041838	1.015535	1.163647	1.062388	1.056903	
631	14.799459	12.878376	1.041043	0.921556	1.053543	1.012074	0.930087	
632	23.302034	30.875688	0.901370	1.129686	0.903500	1.135025	1.054403	
633	24.424484	21.752834	1.170330	0.967511	1.025830	1.082870	1.278025	1.030359	
634	28.843925	0.209501	1.136163	0.948370	0.951315	1.122121	0.880882	
635	22.673847	2.836405	1.111880	1.078993	0.954008	0.907234	1.286161	1.142679	
636	7.937317	21.207025	1.002886	0.888292	0.891321	1.015075	1.261893	
637	21.879483	3.657807	1.229459	0.911555	1.142679	0.936894	1.136312	1.418052	
638	28.496075	30.946840	1.000453	1.305308	1.035084	0.951315	1.129644	1.086725	
639	11.091689	20.780117	0.958563	1.151788	0.967253	1.187467	1.182725	1.002528	
640	6.930653	7.656364	0.986462	1.212033	0.952357	1.085900	1.190695	0.969059	
641	23.583935	12.915406	1.044479	0.786532	1.172809	1.252019	0.829310	
642	6.597302	26.594755	1.180360	1.100219	0.927473	1.032493	1.230155	1.136331	
643	2.593068	11.965268	1.180181	1.116753	1.058511	1.017541	1.105335	1.089151	
644	8.889953	3.355967	0.992291	1.168137	1.156184	0.968327	1.202686	1.010953	
645	11.293600	1.725750	1.106003	1.158638	1.165166	1.041687	1.055180	1.140570	
646	3.249082	23.884841	0.986655	0.938173	1.275808	0.939070	0.867403	
647	12.999791	7.340121	1.058808	1.088791	1.175551	1.077472	0.945316	1.200244	
648	11.520019	25.328579	1.049778	1.276513	1.178106	1.062413	1.002605	0.914636	
649	27.345796	21.938301	1.037801	1.108180	0.928540	1.240420	1.220191	1.043320	
650	17.032818	14.242108	1.063514	0.933441	0.962784	0.982885	1.200612	
651	28.266809	20.313681	0.954504	1.109003	1.235613	1.078252	0.961802	1.167382	
652	5.276545	1.441268	1.287985	1.375827	1.047114	1.042530	1.259015	0.899873	1.230740	
653	23.784597	2.786283	0.976668	1.308418	1.046925	0.999115	1.111880	1.216937	
654	10.417270	12.501116	1.166280	1.075540	0.899402	1.368470	1.047296	1.011778	
655	11.506738	23.080674	0.994867	1.161747	1.220207	1.073582	1.107312	0.973484	
656	22.636643	19.664908	0.842965	1.037472	1.412273	0.850917	0.970090	
657	21.847386	5.830449	1.266971	1.237294	1.387934	1.035042	1.243012	0.972433	0.951660	
658	15.107592	0.815710	1.221021	0.905042	0.931521	1.101313	1.228842	1.248316	
659	1.482318	16.111805	0.826566	0.935013	1.239361	1.001288	1.178826	
660	2.098045	4.210256	1.115361	1.291976	1.084320	0.830961	1.144492	1.211167	
661	19.558687	17.645509	1.132630	0.932277	1.133445	1.046924	1.013163	1.189597	
662	8.952724	14.386466	0.901268	1.282278	0.942903	1.429355	1.050000	1.484960	1.063211	
663	6.136084	4.583247	1.066787	1.223493	1.019063	0.911575	1.126492	1.101968	
664	14.122811	11.341667	0.955851	0.922823	1.340254	1.254876	1.080491	1.027801	
665	11.803834	7.238770	1.187732	1.113585	0.935236	1.030317	1.069800	1.200244	
666	30.716626	16.494598	0.905115	1.002381	1.139422	1.138441	0.909024	
667	30.564919	1.268676	1.055008	1.017507	1.036914	1.013712	1.143873	1.346850	
668	13.105206	30.173399	1.252255	1.060975	1.013041	1.073133	1.051002	1.243871	
669	20.463573	5.937334	1.004890	0.936464	1.075973	1.040262	1.121737	1.387934	
670	9.111313	30.994274	1.465155	0.818588	1.044427	1.134088	0.877870	1.467869	
671	28.276027	26.297580	1.363825	1.064102	0.899094	1.011201	1.162899	1.021185	
672	19.499395	11.684616	1.039719	1.165071	1.235994	1.003372	1.181938	1.198567	1.222350	
673	29.531720	3.846120	1.227625	1.033515	1.034843	1.347726	0.928246	0.946391	
674	0.738507	25.161295	0.971144	1.141720	1.208796	1.072157	1.105522	1.112065	
675	7.086190	14.949510	1.150710	0.925912	1.156759	1.116440	1.102277	1.036679	
676	3.853552	6.403612	1.050000	1.090643	1.355159	1.023128	1.067156	1.118450	1.386520	
677	20.915304	22.704774	1.071455	1.032923	1.277754	0.915425	0.962487	1.432749	
678	0.743926	10.096994	1.124864	1.127466	1.295697	1.076162	0.900673	0.883987	
679	10.799953	19.665889	1.036564	1.209449	1.151788	1.154716	1.246681	1.476078	1.027536	
680	17.807576	7.040021	0.964697	1.043612	1.227300	1.172309	1.022229	1.019229	
681	23.013476	23.254599	1.035525	1.181961	0.968770	0.988449	1.124236	1.231107	
682	2.371708	14.799459	1.137878	0.958335	1.584983	1.042743	1.011937	1.027925	
683	6.292933	21.456054	1.054047	1.119773	1.346794	0.990727	1.009621	1.158735	
684	28.824161	3.217618	1.143419	1.016537	0.946391	1.029627	1.025211	1.367082	
685	24.760634	2.751182	0.976668	0.963142	1.076685	0.958955	1.067454	
686	15.135451	29.709599	1.088829	1.208725	1.237942	1.180738	1.029021	1.119978	1.173809	
687	14.228226	17.033767	1.363300	0.933081	1.033507	0.835120	0.998821	
688	14.710378	18.566839	1.182340	1.030577	0.983581	1.074419	0.893717	
689	30.465302	11.309254	0.958590	1.452952	1.407136	0.915135	0.978535	1.097092	1.415715	
690	11.725488	10.811511	0.991641	0.787789	1.247914	1.165676	0.926506	
691	2.850003	25.096626	1.258680	1.019268	1.010012	1.351833	1.338434	0.939490	1.275808	
692	23.531299	21.380950	1.102626	0.967511	0.999570	1.157141	1.054077	1.156828	
693	21.139826	5.194041	0.951660	1.019178	1.004890	1.213756	0.945053	
694	1.537658	25.934630	0.967552	1.112065	0.995301	1.180461	0.807426	
695	26.349046	6.272488	1.126744	1.187334	1.118296	1.137681	1.063060	0.858517	
696	9.882118	3.340156	1.107124	1.097550	1.126284	0.992291	1.007542	1.135140	
697	15.748617	3.881854	0.963228	1.119985	0.974289	1.142537	1.164090	1.089165	
698	9.550395	27.232270	1.301291	1.177491	0.835954	1.262560	1.024732	1.040528	
699	28.567226	5.806732	1.155755	1.115890	1.081348	1.049378	1.023062	1.006269	
700	28.893257	2.076288	0.829524	1.161152	0.963202	1.143419	1.213020	1.302114	
701	1.640432	30.800584	0.969149	0.908500	1.081463	1.277968	1.047178	1.237170	
702	19.430615	6.060394	1.076742	0.866610	1.227752	1.385848	1.040262	1.018789	
703	29.709599	15.174980	1.104881	1.069769	1.324978	1.013253	1.226644	0.985370	
704	23.425916	20.228932	1.334496	0.944322	1.156828	1.235515	0.970090	1.413806	1.302960	
705	9.502644	6.636830	0.895394	1.365307	1.147539	0.887764	1.193897	1.122001	
706	15.981361	9.494739	1.082156	1.092246	1.038561	1.038945	1.033630	1.244651	
707	19.257164	3.553704	1.340161	1.002745	0.876110	1.147301	1.207140	1.085327	
708	16.886563	5.573514	1.129956	1.070249	1.066339	1.115270	1.439542	1.205149	1.022438	
709	5.447181	21.972043	0.915380	1.281393	1.126280	1.441857	0.923508	0.990727	
710	28.990813	7.591364	1.357661	0.919296	1.096139	1.112560	1.040247	1.091442	
711	14.086366	16.210784	0.949767	1.338626	0.966173	0.835120	1.094476	
712	4.284886	14.317212	1.083693	1.023188	1.241987	1.131509	0.974335	1.132648	
713	23.337609	8.850425	1.347290	1.170470	1.034242	1.247231	0.880162	1.056123	
714	3.581880	12.343018	1.093372	0.947503	1.058511	1.380821	1.121480	1.003017	
715	17.934067	28.492122	0.994685	1.078119	1.033925	1.071098	1.209595	1.099831	
716	28.805662	28.119210	0.922805	1.206810	1.041631	1.171262	1.120829	0.990817	
717	6.336414	19.163403	1.369244	1.204912	1.042240	0.939533	1.134842	1.274884	1.139936	
718	21.424431	29.727307	1.044710	1.007584	1.158331	1.025371	1.162878	1.065133	
719	0.180412	12.703818	0.883062	1.048212	1.322844	0.965160	1.270871	1.017996	
720	30.776867	9.237804	0.984057	1.006456	1.232534	1.338073	0.950740	1.102554	
721	26.032818	24.366931	1.209373	0.984038	0.917146	1.232513	1.060275	1.068808	
722	6.071099	17.139071	1.199998	1.206311	0.746093	1.327394	1.019885	1.009532	
723	0.415523	0.825038	0.961613	0.966817	1.139994	0.984944	0.999749	
724	14.961526	6.617066	1.132510	0.970519	1.068607	0.978834	1.124257	1.243710	
725	30.286714	25.638166	0.969423	1.070729	1.102122	1.235118	0.999062	1.300000	
726	19.902585	30.563414	1.216328	0.843810	0.941619	1.045833	1.061426	
727	11.637593	16.101258	0.998397	0.995562	1.219515	0.989740	0.963080	1.274300	
728	16.445899	25.636743	1.001296	1.139612	1.170689	0.996025	1.037580	1.285194	
729	0.470389	20.574569	1.103772	1.075535	1.034142	1.086256	1.069583	1.122374	
730	27.100720	7.024209	1.152509	1.117314	1.038946	0.963595	1.148763	1.063060	
731	18.728431	5.244116	1.212438	1.049562	1.076742	1.360260	0.998474	1.226054	1.200142	
732	9.716098	23.282269	1.068689	0.998319	1.170770	0.908433	1.069806	1.250639	
733	8.196861	24.594456	1.228377	1.060421	1.380893	0.819746	1.087080	1.117179	
734	5.714394	10.161853	1.003561	1.137708	1.076833	1.104316	1.380677	1.415834	1.007346	
735	6.902272	1.672355	1.273915	0.851133	1.039619	1.026670	0.868677	
736	20.710990	8.061911	1.084079	1.364867	1.022432	1.167973	0.954835	1.116463	
737	11.874353	28.361678	1.136786	1.353958	1.112570	1.128751	1.091229	0.857777	1.463579	
738	12.153566	13.750121	1.048295	1.195667	1.093828	1.132871	1.195782	1.140102	1.263376	
739	4.274862	20.487290	1.011631	1.098120	1.034859	1.127572	1.099493	1.125567	
740	6.688217	17.938020	0.855834	1.390297	1.274884	1.097051	0.922530	1.009532	
741	12.119429	8.119148	1.175551	0.935236	1.137133	1.070143	1.252265	0.916413	
742	27.685741	1.589045	1.349224	1.016159	1.302114	1.017918	0.867359	1.062062	
743	17.388574	25.958347	1.079641	0.982544	0.930801	0.996025	0.972754	
744	22.002891	20.232727	1.216143	0.977666	0.988070	1.055267	0.850917	
745	7.814462	15.776935	1.279675	0.977074	1.209900	0.968872	0.983095	1.102277	
746	22.831645	7.530174	1.003377	0.931049	1.115712	0.857187	1.309201	
747	0.806381	6.138772	1.237872	0.881581	1.090340	0.987935	1.089359	1.145678	
748	24.282656	12.468703	0.875497	1.317731	1.255607	1.127206	0.829310	1.167060	
749	13.303860	1.226331	1.089197	1.134529	0.969120	1.226960	1.062450	1.043551	
750	18.355441	4.263067	1.151571	0.975809	1.049562	0.988597	1.147301	1.219965	
751	4.155233	22.612214	1.441857	0.901768	1.003003	1.056903	1.000745	1.316485	
752	14.522760	5.751392	1.098658	1.198249	1.161364	1.083260	0.970519	1.149619	
753	0.225312	18.523041	1.000453	1.165795	1.200282	0.844305	1.272546	1.091229	
754	1.064265	13.267336	1.373249	0.904050	0.855511	1.048212	1.262780	1.139709	
755	21.795999	13.253896	1.227504	1.145695	0.998061	1.256405	1.093068	1.040856	
756	27.911053	5.043833	1.137117	1.055027	1.023055	1.253233	1.006269	1.031049	
757	31.115705	11.953030	1.159299	1.172135	1.017996	0.993077	0.915135	
758	2.312890	23.958301	1.113116	0.939070	1.058716	1.073667	1.258680	1.158840	
759	13.392246	25.535392	1.100173	1.075009	0.999140	1.034929	1.151274	1.172671	
760	8.061784	17.722985	0.993206	1.111971	1.390297	1.079068	0.938900	1.144740	
761	23.547110	10.984962	1.170069	0.908382	1.087572	0.820184	1.176395	
762	10.834754	0.719418	1.058079	1.432508	1.106003	1.051550	1.070132	1.015583	1.462045	
763	27.335519	19.770244	0.945434	1.047387	0.906901	1.158380	1.078252	
764	0.146255	22.558898	1.025527	1.035022	1.235648	1.267581	1.057524	1.156125	1.411355	
765	24.254670	9.577748	1.035020	0.851284	0.801413	1.170470	1.157761	
766	25.290316	14.253967	1.125812	1.111938	1.012986	1.089962	1.021960	1.108554	
767	14.823177	31.579295	1.038047	0.905042	1.241358	0.801415	1.363503	1.305188	
768	11.325413	9.087501	1.085068	1.145576	1.504488	1.252265	1.163772	0.962378	0.999593	
769	30.189632	20.978392	1.097650	0.993314	0.959937	1.084557	1.101008	1.197239	
770	5.826497	12.257779	0.968544	1.038217	0.993141	1.300137	1.350029	1.073865	
771	29.144341	20.689202	1.069929	1.084557	1.145704	0.954504	1.157744	1.061426	
772	8.009101	4.104874	1.156184	1.108299	0.957141	0.970219	1.234683	1.148945	
773	4.110961	30.302526	1.204069	1.231647	1.220803	1.165032	1.011906	1.272099	0.958933	
774	7.834385	0.804009	1.223799	1.296076	1.224991	1.129689	1.041298	0.985239	1.273915	
775	30.440875	6.292933	0.991749	1.008472	1.096905	1.165152	1.200378	1.049344	
776	11.198416	10.226015	0.945433	1.145576	1.234668	0.787789	1.330002	1.173862	
777	18.376786	25.523534	1.116038	0.850414	1.079641	1.142272	1.379113	1.171804	
778	28.061419	19.164509	1.421276	1.067506	0.945434	1.285131	1.061535	1.193456	1.167382	
779	3.943202	3.785088	0.887777	1.213306	0.932351	1.088701	1.074803	1.288503	
780	15.752096	23.811951	1.182324	0.895440	1.314456	0.989713	1.039606	1.018882	
781	21.943377	4.567120	1.360082	0.857227	1.266971	1.019178	1.143347	0.911555	
782	13.831012	6.684264	1.161364	1.132510	1.058808	1.271094	1.272246	0.993432	1.158450	
783	20.096275	31.591154	1.045833	1.130500	1.184827	1.019591	1.239361	1.086774	1.371718	
784	15.914162	24.788304	1.245649	0.902550	1.001296	1.472184	1.012797	0.989713	
785	9.681629	11.806474	1.011778	1.242186	1.081246	1.162101	1.139539	0.974247	
786	28.231392	6.800921	1.049378	1.102911	0.942014	1.152509	1.096139	1.099013	
787	18.922279	13.601747	1.204082	1.033259	1.169090	1.201262	0.928522	1.012701	
788	12.828428	12.947946	1.048295	0.834292	0.984394	1.006478	1.201797	
789	18.862986	0.090915	1.101256	0.937948	0.979094	0.982503	1.239361	
790	16.624252	23.013681	1.254944	0.955404	1.182324	1.087953	1.150487	1.027720	
791	22.939953	26.989249	1.088418	1.050530	1.392013	0.764366	1.295420	0.991194	
792	21.349327	24.590662	1.166647	1.179539	1.114106	1.037259	1.094432	0.975808	
793	24.096556	24.412784	0.926831	1.336536	0.946787	1.007294	1.216328	1.150577	
794	2.724618	18.077002	1.337744	1.241013	0.874635	1.250042	1.137836	1.050269	1.180504	
795	7.763392	1.786687	0.868677	0.985239	1.245548	0.947909	1.171491	1.384038	
796	7.895575	14.499834	1.042807	0.925912	1.279675	1.091188	1.068139	1.063211	
797	3.862248	10.244673	0.905247	1.043985	1.027748	1.086689	1.462733	1.215916	
798	7.925458	29.579155	1.250156	0.970217	1.081160	0.860575	1.238302	1.232566	
799	22.479841	30.215563	1.402023	1.228889	1.316678	0.924544	1.054403	1.162878	1.083058	
800	16.114176	29.391821	1.409646	1.062239	1.253473	0.914212	1.029021	0.974550	
801	13.412010	15.518878	1.044105	0.943024	1.394386	1.016812	0.966173	1.405714	1.363555	
802	6.338738	27.485458	1.204112	1.004151	0.927473	1.294212	0.965215	1.108427	
803	4.103055	25.567015	1.175120	1.015512	0.928717	1.338434	1.020394	1.064931	
804	4.237452	15.447726	1.090665	1.131509	1.048846	1.019574	1.196440	0.994807	
805	3.249398	29.881500	0.908179	0.958933	1.250034	0.884514	1.049636	
806	2.106235	22.255541	0.877546	1.163647	1.098515	1.391962	0.960209	1.038918	
807	15.967447	5.025191	0.872176	1.070249	0.939489	0.934126	1.164090	
808	11.872724	20.224394	1.311739	0.979038	1.403192	1.209449	0.958563	1.129445	1.134737	
809	28.872069	12.302478	0.903286	1.057756	1.001691	1.110132	1.118996	1.400112	
810	1.278351	19.099050	0.963294	1.168181	1.160930	1.200282	0.854272	1.199268	
811	20.880678	13.942957	1.145695	0.998614	1.043669	1.070999	1.318682	1.453491	1.203997	
812	6.122960	20.349257	1.204912	1.168650	1.190945	0.914681	1.007100	1.119773	
813	3.214345	31.131042	1.109601	0.958886	1.220803	1.002630	1.068196	1.250034	
814	6.028092	0.395285	1.287985	0.721154	0.899253	1.177738	1.044960	
815	3.419213	16.103899	1.048846	1.033919	1.309982	0.919417	1.091387	1.047266	
816	14.012843	10.091619	1.022217	1.062846	0.888303	1.254876	1.244447	1.089409	
817	31.405370	2.751182	1.013117	1.009122	1.108237	1.079004	0.961842	
818	9.779344	18.949949	0.842456	1.106407	1.212595	0.947604	1.246681	1.220271	
819	23.415085	18.010752	0.906536	1.063750	1.192715	0.986071	1.100960	1.205491	
820	18.696967	19.349186	1.365375	1.288713	1.110363	1.030337	1.447196	0.970824	1.018878	
821	27.480193	25.673742	1.011201	1.093293	1.196228	1.113476	1.090140	1.069959	
822	16.937950	8.988774	1.139399	1.001462	1.082156	1.174125	1.099005	1.036558	
823	4.301804	16.642435	1.033919	1.155805	1.240622	1.002629	1.347826	1.196440	1.067012	
824	1.834121	25.013616	1.158840	1.019268	0.967552	1.105522	1.248712	1.045309	
825	21.756470	25.606543	1.094432	0.946064	1.153453	0.999164	0.982510	1.295076	
826	8.882047	1.438836	1.047512	1.200301	1.171491	1.224991	1.289094	1.016541	1.104346	
827	18.301682	0.897296	1.170710	0.982503	1.152674	1.100359	1.052483	1.254573	1.274198	
828	5.370022	23.946506	0.992481	0.957539	1.106987	1.032697	1.218265	1.319557	
829	13.307924	10.632147	0.888303	1.207982	1.179380	1.147972	1.080491	1.022692	
830	24.472076	29.349890	1.481808	0.921464	1.053807	1.012613	1.137120	1.161908	1.442496	
831	7.917553	16.740307	0.968872	1.223909	0.993206	0.938178	1.029108	1.319327	
832	6.758420	6.685055	1.111082	1.048112	1.097986	1.115371	0.986462	1.183555	
833	18.574428	7.715957	1.126550	1.110215	0.904181	0.979828	1.359417	1.022229	
834	1.425080	29.917977	1.097246	1.008326	0.908500	1.119097	1.150199	1.515809	
835	22.523323	21.072628	0.988070	1.412273	1.054077	1.235515	1.006789	1.108459	1.261219	
836	24.883172	23.922631	1.113847	1.232513	1.054763	0.926831	0.950592	1.273147	
837	4.197924	23.614308	1.428986	0.986655	1.265782	1.218265	0.992706	1.003003	1.154401	
838	0.520985	13.928205	1.023349	0.855511	1.063681	1.198563	1.270871	1.045087	
839	4.376513	1.976424	1.047114	1.072109	0.911343	1.297766	1.127575	1.058221	
840	21.222836	1.830168	1.011072	0.970801	1.274309	1.043207	1.067391	1.156772	
841	31.266056	29.843047	0.924209	1.218345	1.070027	1.190570	0.996229	1.018752	
842	5.936987	22.754959	0.923508	1.346794	1.176739	1.522145	0.933452	0.993545	1.319557	
843	23.013634	3.727851	1.210206	1.069865	1.254644	1.216937	0.954008	1.360082	1.136312	
844	28.484216	17.807576	1.007666	1.238226	1.181020	1.421276	0.846167	0.900851	
845	19.831434	20.780117	1.051773	1.131986	1.235744	0.944896	1.505511	0.884060	
846	17.375135	2.701376	1.192429	1.084802	1.110327	1.015392	0.938333	1.064391	
847	14.815271	21.112156	1.051524	0.905884	1.041468	1.051309	1.082589	1.378713	
848	2.367755	15.811388	1.011937	1.188992	0.935013	1.076441	1.461647	1.091387	
849	16.709317	4.457547	1.190741	0.875356	1.129956	0.934126	1.119985	1.272944	
850	16.299960	19.989247	1.201966	0.978837	1.077289	1.032836	1.193155	1.061980	
851	12.269637	19.329422	1.058965	1.060796	0.810648	0.979038	1.295153	
852	13.036332	14.653916	0.909636	0.943024	1.263376	0.924717	1.045581	
853	13.894257	21.598356	1.041468	1.122430	0.878217	1.365031	1.255059	1.345717	1.129913	
854	29.839252	16.272227	1.100180	1.108787	1.062314	0.905115	1.241597	1.104881	
855	29.432899	24.657860	1.164561	1.071812	1.180573	0.988820	1.300000	1.176814	1.283073	
856	7.070774	31.470448	1.082593	1.002095	1.177738	1.223799	0.987023	1.178842	
857	25.072909	7.988704	1.130835	1.021794	0.991758	1.012006	1.043551	1.376032	
858	30.132553	4.553680	1.141314	0.928246	1.138129	1.038492	1.097152	1.220047	
859	17.818644	8.212277	0.904181	1.098342	1.118537	0.952712	1.172309	1.174125	
860	25.088041	18.732700	1.181656	1.157600	0.993780	1.237791	1.059799	0.955988	
861	13.779625	3.059504	1.163299	1.054110	1.218003	1.179507	0.898906	1.107503	
862	3.573374	5.391683	0.989831	1.281631	0.837789	1.050000	1.327056	1.064256	
863	8.707490	11.820910	1.161545	0.974247	0.807911	1.287353	0.894503	1.440884	
864	15.250084	27.669930	1.106287	1.048287	1.024380	1.116251	0.809938	1.348390	
865	2.644455	2.015952	1.131405	0.999015	1.076815	0.940422	1.171408	1.311543	
866	24.531369	11.629276	1.091516	1.176395	1.062382	1.082106	1.340311	0.875497	
867	27.903306	7.683955	0.942014	1.091442	1.235591	1.229766	0.998344	1.038946	
868	25.823950	5.593279	1.213388	0.951694	1.173409	0.858517	0.933521	1.425882	
869	3.506175	26.278527	0.928717	1.351833	1.288249	1.101490	0.906298	1.005866	
870	31.547774	1.652132	0.961613	1.232048	1.214986	1.055008	1.076152	1.108237	1.303682	
871	22.511464	10.652923	1.087572	1.271596	1.012353	1.192456	1.176893	1.200774	1.082626	
872	8.439803	2.450765	1.104346	0.978318	0.947909	1.010953	0.915944	
873	2.358269	31.563010	0.958886	1.228504	1.050696	1.143633	1.047178	1.012931	
874	14.712497	23.815904	1.039606	1.202354	1.093985	1.056198	1.129397	1.113010	
875	2.901390	23.013476	1.113116	0.938173	1.098515	1.015535	1.316485	1.428986	1.301742	
876	5.146607	0.217407	1.292338	0.995380	1.230740	1.027177	0.899253	1.055759	
877	18.455052	27.644789	1.060961	1.063494	1.223599	1.066269	1.123795	0.994685	
878	16.125719	16.974158	1.045903	1.141687	1.305730	1.155511	1.017625	0.935354	
879	14.080041	14.716450	1.045581	1.044105	1.150896	1.039780	1.054996	1.185334	
880	23.191354	16.214579	1.141883	1.124118	1.090886	1.039501	0.881733	1.270857	
881	27.477347	3.452148	1.144519	1.076521	1.367082	0.921238	1.039673	1.031970	
882	22.602380	15.558406	1.086688	1.327621	0.995615	1.327056	0.881733	1.177538	
883	6.719840	2.695842	1.039619	1.384038	1.012739	1.088764	0.997321	1.066251	
884	5.971645	29.168153	1.091954	1.012169	1.157176	1.202327	1.031141	1.116356	
885	20.598286	12.985103	1.057556	1.251574	0.922530	1.180327	1.227504	0.998614	
886	24.298783	20.589274	1.113947	1.034940	1.102626	0.944322	1.109236	1.170330	
887	14.815271	15.601887	1.405714	1.150896	0.971131	0.949767	1.241181	0.971090	
888	31.614871	27.804326	1.143357	0.841803	1.020761	0.896181	1.254453	
889	17.681085	10.435516	1.178201	1.217064	1.153500	1.144941	1.046503	0.851975	
890	25.543298	31.172152	0.870430	1.016835	1.108902	1.033792	1.177830	1.320304	
891	27.057238	2.387520	1.016159	1.003398	1.031481	1.272942	1.144519	1.004964	
892	4.972476	22.993395	1.032697	0.992706	0.993545	1.126280	0.901768	
893	17.827340	6.075526	1.226054	1.068364	0.964697	1.152674	1.066339	1.047440	
894	27.930817	12.645158	0.956346	1.028335	1.407214	0.929760	1.001691	1.220207	
895	8.659581	9.353780	1.011996	0.942445	0.940246	1.212550	1.441248	1.151525	
896	19.791905	8.320743	0.954835	1.062103	1.052712	1.031420	1.294441	1.359417	
897	0.197642	19.523112	1.160930	1.254938	1.088192	1.086256	0.981429	1.000453	
898	25.267863	6.626553	1.173409	1.137681	1.013260	1.376032	1.150561	1.324249	0.932145	
899	5.362432	30.074367	1.091954	1.150247	0.913964	1.272099	1.169824	0.889356	
900	8.435376	21.946207	1.114504	1.331971	1.255008	1.237841	0.891321	0.855360	
901	12.435657	1.956659	1.134529	0.941948	1.088894	1.157705	1.165166	0.935957	
902	28.794910	14.739060	0.993594	1.013253	0.998137	1.065551	1.401748	1.103720	
903	2.142443	1.063316	1.143633	1.113363	1.076815	1.373704	1.076815	1.125014	1.239406	
904	22.969994	18.890656	1.177445	0.986071	1.413806	0.918831	1.314263	0.842965	
905	10.688182	24.667695	0.932208	1.028410	1.047662	1.291687	1.062413	1.301658	
906	30.504121	24.693436	1.247419	1.089553	1.071812	1.027079	0.969423	1.183290	
907	17.848622	17.876988	0.989250	0.913758	0.896493	0.941058	1.306206	
908	5.644666	16.526854	1.347826	0.800098	1.172317	0.746093	1.312738	1.232798	
909	18.068464	26.654048	1.171804	0.953030	1.174707	1.063494	1.204010	0.972754	
910	29.970645	20.009517	1.043100	1.030254	1.069929	1.074902	0.993314	1.232342	
911	26.179706	29.543579	0.899938	1.129581	0.958020	1.020350	0.994932	
912	29.148879	29.048683	1.001238	0.990817	0.874076	1.238973	1.281457	1.101399	
913	16.044606	8.463046	1.031996	0.904276	1.036558	1.033630	1.048131	
914	7.111172	22.677484	0.938916	0.779484	1.176739	1.176342	1.129373	
915	18.940936	1.733402	1.023949	1.052483	0.880869	0.905870	1.227881	
916	28.144271	8.652782	1.357661	1.290091	1.421003	0.900113	0.799941	0.998344	
917	12.156586	18.039213	1.065507	0.881165	1.095276	0.977442	1.349378	1.295153	
918	21.173821	28.713102	1.122111	1.036909	1.058533	1.044710	1.168018	1.217054	
919	4.553680	28.424923	1.119242	1.105765	0.949186	1.064616	1.099346	1.160092	
920	0.691274	27.335519	1.248011	0.982110	1.294516	0.841803	1.142044	0.984552	
921	22.045028	26.563132	1.057488	0.999164	0.958035	1.239613	0.991194	
922	19.926302	5.170324	1.255245	0.874142	1.213756	0.936464	1.200142	1.018789	
923	6.527020	5.524341	1.019063	1.128616	1.183555	1.076305	1.128806	0.970849	
924	27.055657	15.472866	0.889580	1.099527	1.251067	1.097533	1.012056	1.082530	
925	10.157868	6.026574	0.972050	1.228923	1.083656	0.895394	1.193621	1.143751	
926	10.656876	15.929974	0.992475	0.995562	1.154373	1.119724	1.040752	1.075047	
927	7.413960	8.628781	0.894841	1.428451	1.156390	1.237154	1.441248	1.085900	0.964593	
928	19.017147	26.744963	1.379113	0.953030	1.060961	1.073116	1.193468	0.829485	
929	21.981783	22.807928	0.958518	1.107206	1.124236	0.974559	1.238150	1.071455	
930	19.720754	12.700498	1.395590	0.922530	1.204082	1.168918	1.039719	0.971757	
931	25.408110	9.677676	1.241207	1.061898	1.358971	0.998509	1.163029	1.103872	1.157761	
932	17.495301	18.700920	0.896493	1.243012	0.876160	1.033898	1.213804	1.365375	
933	24.379896	13.591707	1.061233	1.127206	0.843862	1.125812	1.044479	1.352268	
934	10.165916	1.554786	1.070132	0.932125	0.971177	1.069311	1.140570	1.289094	
935	15.119166	14.679530	0.984804	1.041843	0.971131	1.039780	1.244728	1.235988	
936	9.197010	21.132553	1.114504	1.261893	1.064013	1.279384	1.052296	1.322775	1.163036	
937	29.006150	4.737566	1.141314	1.034843	1.137117	1.155755	1.075375	1.076626	
938	16.044448	30.363874	1.119978	0.974550	0.951725	0.974990	1.012004	
939	24.507652	0.806381	1.138118	0.769559	1.179102	0.902644	0.998054	
940	7.399730	30.523885	1.081160	1.130943	1.368966	1.002095	1.102072	1.019021	1.382593	
941	21.369091	18.412362	1.128185	0.952956	1.100647	0.874355	0.956584	
942	7.731769	3.031834	0.915944	1.245548	1.009685	1.108299	1.202686	1.066251	
943	26.337820	1.648337	1.349224	1.142757	0.977000	0.884043	1.031481	1.307628	
944	22.187331	23.760564	1.199623	1.034295	1.115125	1.179539	0.974559	0.968770	
945	4.280933	19.475678	1.086897	1.128771	1.046378	1.011631	1.049881	1.111769	
946	25.257744	21.146767	1.030359	1.109236	0.898189	1.176367	0.907954	
947	16.708685	21.452101	0.941848	0.973717	1.043267	0.918567	1.179578	
948	31.016726	20.256760	1.068638	1.088192	1.122374	1.074902	1.097650	1.015581	
949	5.684194	9.158747	1.000164	0.972529	1.256927	0.976898	1.003561	1.228630	
950	25.341703	13.143217	0.936216	1.255607	1.111938	1.068885	1.061233	1.156510	
951	18.030991	9.310473	1.019241	0.875809	1.272803	1.178201	1.139399	1.118537	
952	18.622969	10.891612	0.933153	1.068243	1.240191	1.058230	1.181938	1.046503	
953	26.152036	18.218672	1.076749	0.976641	1.206247	0.922446	1.216162	1.181656	
954	12.423798	23.701271	1.226515	1.251041	1.299095	1.037404	1.107312	0.958449	1.181413	
955	24.193480	14.414721	0.843862	1.108554	1.055025	0.955338	1.204229	1.492762	
956	17.325329	1.509988	1.152674	0.982806	1.079388	1.099580	1.045212	1.192429	
957	27.996277	10.445651	1.243768	0.906303	1.015743	1.169086	1.184472	1.061164	
958	1.774828	12.708403	1.105335	1.116922	0.904050	1.147456	1.350671	1.028728	
959	24.499746	7.154653	0.932145	1.012006	0.988987	1.014127	1.062999	
960	10.040232	29.861230	1.264076	1.413566	1.465155	0.927679	0.841898	1.018809	1.365546	
961	13.931414	0.487840	1.053334	1.146644	0.969120	1.129207	1.221021	1.038047	
962	28.164035	11.447445	1.110132	1.047430	1.026351	1.215209	1.220207	1.015743	
963	1.897367	18.360975	1.057156	1.102097	0.963294	1.072818	0.874635	
964	27.367932	18.193216	1.216162	1.381787	1.193456	0.870329	1.181020	0.877073	
965	17.542735	12.763743	0.951422	1.227071	1.187887	1.158515	0.965207	1.139250	
966	27.270850	11.953030	1.102545	1.032482	1.026351	1.125762	1.284006	0.956346	
967	5.154196	14.856855	1.038121	1.181806	1.082230	1.027479	1.090665	1.023188	
968	5.296815	19.089247	1.042240	0.892220	1.086897	1.050432	0.932334	
969	1.280722	3.316439	0.937833	1.080979	1.173696	1.137466	1.211167	0.943908	
970	5.134748	27.468334	1.204112	1.119694	1.119242	0.993552	0.879284	1.147722	
971	22.871173	25.903007	1.056366	1.011442	1.057488	1.153453	1.011164	1.088418	
972	29.661848	5.589911	1.138129	1.075375	1.115890	1.000589	1.049344	1.144978	
973	1.907502	27.055657	1.248011	1.259795	0.948330	1.084017	1.083686	1.177824	1.180461	
974	2.419917	21.435973	1.048605	1.041838	1.056360	0.877546	1.044014	
975	17.910350	13.641275	1.012701	1.355659	0.926730	0.951422	1.324434	1.063514	
976	2.300557	5.016163	0.830961	1.123020	1.141527	1.125000	1.327056	1.171746	1.395310	
977	13.222779	8.394266	1.077472	0.933682	1.187789	1.044215	1.137133	1.127222	
978	26.191565	13.791483	1.012986	1.220386	1.068885	0.945136	1.054898	1.155449	
979	15.673039	18.198908	1.305730	0.918771	1.145784	1.030577	1.133540	0.970446	
980	16.171097	0.162067	0.846641	1.153602	1.248316	0.959504	1.363503	1.257987	
981	20.333445	24.381161	1.002723	1.023551	1.037259	1.040607	1.150422	1.277767	
982	22.424501	6.613113	0.976161	0.972433	1.003377	1.196198	1.156105	1.141737	
983	9.392344	10.051774	1.223567	1.091561	1.004262	1.269088	1.018327	1.011996	
984	20.464206	3.569136	1.207140	0.906899	0.818590	1.201239	1.164375	1.418052	
985	26.547321	20.218813	0.906901	1.192431	0.915725	1.189607	1.036596	1.381451	
986	5.641345	11.236205	0.770231	1.038217	1.389133	1.076833	0.852735	
987	16.850987	6.688217	1.019229	1.152674	1.203770	0.778390	1.115270	
988	25.574921	1.201666	0.884043	1.036257	1.270624	1.234203	1.138118	1.108179	
989	10.403894	8.700216	0.995112	1.114053	0.999593	0.987449	0.969952	
990	7.718645	26.410805	0.824920	1.400486	1.136331	0.894389	1.107141	1.248791	
991	11.949457	29.713551	0.845142	1.353958	0.847469	1.046997	1.212758	1.243871	
992	12.115476	5.759298	0.867840	1.324257	0.993357	1.205377	0.974110	1.189203	
993	7.173943	29.159852	0.860575	1.116117	1.382593	1.089010	1.202327	0.906816	
994	20.437168	7.012983	0.904746	1.398793	1.084079	0.883343	1.075973	1.385848	
995	7.948227	23.102810	1.255008	1.415000	0.938916	0.907601	0.960511	1.156348	
996	6.771227	12.044325	1.319434	1.034691	1.032105	1.309080	1.109342	1.389133	0.968544	
997	10.086512	13.337491	1.042373	0.899402	1.064783	0.761995	1.404486	
998	14.613676	28.586990	1.116251	0.997908	1.179705	1.237942	1.189019	1.003400	
999	22.373114	31.527908	1.193956	1.045737	1.232103	1.105593	1.013233	1.316678	1.135025	
