0	25.350288	3.507424	614	50	51	551	685	325	
1	11.645720	2.706119	221	264	428	645	361	901	
2	12.625394	16.163192	727	572	28	409	801	
3	16.076229	6.763321	987	708	594	724	220	564	
4	30.132264	10.410376	720	276	516	294	689	402	
5	29.895382	28.381442	245	15	912	525	716	169	
6	4.648137	3.245446	29	615	779	394	839	350	
7	6.107623	30.976132	856	814	899	577	940	467	876	
8	11.278153	6.257072	484	992	925	665	156	266	
9	30.116742	17.297659	854	666	190	214	433	451	
10	2.994519	3.279914	779	394	660	246	435	865	
11	27.499957	5.980658	756	249	695	730	786	699	
12	29.053426	25.570968	855	250	671	505	725	
13	21.792046	27.776656	791	921	81	62	593	918	240	518	
14	0.958818	8.990197	502	237	678	283	489	282	
15	31.037755	28.646283	888	245	525	5	841	393	75	
16	8.516947	30.348221	540	670	940	443	798	
17	10.427611	28.140318	450	187	113	545	737	590	698	
18	9.618589	15.651251	926	371	623	275	208	662	
19	29.290597	22.420549	94	93	165	322	302	36	
20	11.170746	14.230249	738	28	371	87	216	997	324	
21	8.988774	22.598427	900	584	995	121	732	
22	3.889602	8.403753	352	170	274	422	626	91	
23	15.068253	17.439961	878	111	33	687	979	688	
24	26.433953	21.127493	140	649	946	202	488	625	985	
25	27.647635	27.943625	279	716	431	200	136	225	90	
26	5.277051	25.515628	508	418	256	803	498	273	
27	25.061050	15.249878	766	259	146	198	575	955	54	
28	12.174769	14.945715	738	852	727	2	20	216	801	
29	5.977922	3.492688	615	6	883	619	350	110	663	
30	11.566031	26.377349	37	187	450	648	353	447	
31	0.664078	16.688920	659	437	167	451	39	253	
32	22.608261	8.357742	746	336	419	211	713	374	
33	13.989031	18.039213	23	688	481	59	618	687	409	
34	20.491559	18.040794	218	661	562	292	438	941	
35	5.450818	5.184396	339	102	923	663	127	350	
36	28.381442	21.543965	771	651	140	649	322	19	302	
37	10.739885	25.958347	905	648	187	473	30	201	
38	12.373360	24.999386	188	759	648	353	308	954	
39	31.504191	16.040653	442	97	666	451	31	253	
40	18.533777	17.163420	343	506	621	907	491	661	592	
41	15.265895	30.911264	686	938	767	262	980	295	
42	20.609544	0.849355	573	71	576	558	840	783	
43	14.364646	13.700568	631	143	879	377	935	96	
44	24.231917	6.125948	959	898	624	147	285	354	
45	6.407723	23.561024	914	842	828	508	77	99	
46	25.436571	11.036349	387	100	866	258	931	67	
47	22.222748	17.980711	819	356	941	482	904	438	
48	12.447515	11.392105	829	149	413	588	690	585	
49	19.910491	25.290316	83	627	95	981	406	417	
50	26.076932	4.190018	614	478	868	51	249	0	
51	25.202942	4.550850	0	50	868	551	397	285	
52	3.431071	28.132413	581	186	328	330	919	383	
53	0.495553	23.557071	303	105	243	764	342	595	
54	25.484005	16.392457	27	575	493	114	146	229	
55	12.732215	4.980587	543	157	992	116	251	221	
56	3.162278	0.616644	873	813	903	599	370	521	
57	20.527135	21.325610	845	154	496	677	424	490	
58	4.873860	11.301190	986	770	166	797	151	734	538	
59	13.222273	18.866939	917	481	33	618	851	507	
60	17.333709	27.570602	909	61	79	74	877	715	
61	16.866798	26.729152	728	235	74	60	909	743	
62	22.654557	28.512518	430	429	13	81	593	
63	19.451960	10.463186	425	379	952	672	212	268	
64	8.814849	7.198135	705	65	348	432	152	144	
65	9.862828	7.726377	705	64	348	392	989	156	399	
66	6.217828	8.312837	640	401	949	476	927	352	
67	24.630190	10.542243	931	46	866	761	475	765	
68	16.954820	9.990094	951	822	440	436	706	889	
69	28.048992	2.539941	742	700	891	881	684	
70	13.317142	2.288698	749	901	264	579	861	338	
71	21.764376	0.976353	999	92	840	42	535	573	
72	2.525869	26.053215	869	691	186	824	694	973	
73	18.206814	20.187190	820	487	313	150	306	
74	16.281777	27.855713	61	60	444	79	864	235	
75	0.786617	28.626519	421	241	15	393	920	888	
76	31.207728	13.463397	838	719	574	161	141	
77	7.125260	24.777252	733	99	508	418	601	45	
78	20.336924	14.833786	811	474	80	550	135	
79	16.874704	28.650236	800	125	74	60	715	444	
80	19.812460	13.865813	885	811	787	135	78	930	
81	22.254529	29.156200	13	62	429	918	718	799	
82	8.925718	26.090720	316	698	473	990	497	201	
83	18.744401	24.756681	331	464	417	627	777	49	
84	25.020510	22.656913	492	202	597	589	836	633	
85	9.853025	17.845998	818	434	623	335	408	261	314	
86	1.173692	5.337355	455	301	747	976	611	
87	9.783297	14.036560	662	542	997	20	371	
88	26.167848	0.351803	539	289	988	530	943	890	
89	1.325152	10.763033	489	462	583	373	520	678	
90	28.065214	28.851831	25	200	391	912	716	
91	3.599984	9.234167	22	274	344	797	538	422	
92	22.681595	0.904334	535	569	999	71	329	319	
93	30.530169	22.827186	165	420	764	94	342	19	
94	30.733386	22.045028	769	302	19	93	764	612	
95	20.205847	26.638395	928	463	406	49	518	240	627	
96	13.786313	12.638991	103	631	788	377	43	149	664	
97	30.678046	15.356811	703	141	574	442	854	666	39	
98	8.182393	20.353210	598	176	307	604	217	636	936	
99	7.391824	23.819856	995	121	77	45	914	733	
100	26.228721	11.593068	387	351	519	966	258	46	
101	18.700920	23.266458	337	510	464	191	417	321	
102	4.359990	4.790851	779	350	862	339	35	435	
103	14.810638	11.956888	129	556	96	664	578	631	
104	8.810896	28.713481	798	122	545	540	113	
105	1.255266	24.143215	758	303	824	674	53	243	
106	13.902163	27.634354	209	456	998	864	360	568	426	
107	18.142619	2.161527	915	109	956	846	513	827	
108	18.987169	30.784001	789	567	311	580	783	726	223	
109	19.268691	2.551025	915	107	707	513	576	234	
110	6.946876	3.666977	942	883	29	663	607	772	
111	15.416104	16.364787	878	404	687	23	711	299	887	
112	15.018922	24.902937	874	162	267	341	784	780	
113	9.016444	27.875478	17	698	122	104	545	316	
114	26.430080	17.178441	953	493	964	606	575	384	54	
115	29.056272	19.534812	778	651	771	380	910	117	
116	11.633229	4.672265	55	221	992	484	361	553	
117	30.053496	18.969713	433	123	115	380	910	190	
118	16.709317	24.161019	784	331	191	790	780	464	
119	9.819615	0.689377	130	193	934	826	762	
120	24.478733	17.996048	148	819	452	860	493	229	
121	8.721325	23.672811	21	995	733	99	732	514	
122	7.938424	28.346657	365	993	798	104	316	297	113	
123	30.895453	19.195025	753	433	910	117	897	948	
124	3.353169	20.957837	739	503	974	547	357	630	
125	17.522971	29.440805	715	79	252	800	580	311	
126	13.672803	23.629914	278	954	188	180	874	162	
127	5.731628	6.249451	923	832	555	339	401	35	
128	9.407776	2.308874	826	872	696	644	428	934	
129	15.902920	11.613054	556	103	578	195	440	436	
130	9.898340	31.219384	193	670	762	119	960	196	132	
131	31.124718	0.419002	349	139	340	870	667	723	
132	10.510620	30.559461	960	263	130	196	
133	1.336062	7.154653	747	272	502	237	611	172	523	
134	16.605911	13.412010	965	195	975	578	143	280	650	
135	19.210837	14.767837	550	78	787	80	389	359	621	
136	27.579299	26.865857	821	355	225	25	279	671	
137	25.247546	30.181569	830	526	369	890	460	911	
138	27.554348	30.404509	200	460	539	391	323	638	
139	31.223438	31.032854	131	349	841	376	414	340	
140	27.515768	20.914514	651	36	649	24	985	763	
141	30.209393	14.054775	76	574	477	703	97	368	161	
142	19.594263	7.277191	994	736	210	833	896	702	
143	15.416104	13.680899	578	134	280	935	631	43	
144	8.548285	6.046844	242	152	64	705	206	501	
145	25.321938	24.946418	793	836	398	296	305	721	
146	24.310010	16.103899	27	54	880	148	229	198	
147	23.538098	6.923728	624	44	959	982	746	419	
148	23.665695	17.139545	229	120	819	880	146	356	
149	13.206462	11.807154	664	829	413	788	96	48	
150	17.096064	20.558758	73	306	313	947	850	372	
151	3.980517	11.324907	797	265	714	58	166	
152	7.798967	6.810756	242	144	64	432	640	832	
153	11.415822	21.922490	639	565	655	410	286	205	
154	20.788118	20.175015	292	326	57	496	482	744	845	
155	12.356600	30.855924	668	255	548	263	196	610	991	
156	10.641064	6.996539	665	392	925	705	65	8	
157	13.021263	4.012614	861	264	423	543	55	221	
158	7.518125	11.328275	459	863	537	996	347	446	
159	18.321446	11.905975	672	952	965	315	204	
160	6.541962	0.901249	856	814	619	652	774	735	
161	30.480404	12.716309	284	689	141	76	757	368	719	
162	14.074159	24.704346	188	126	759	267	112	874	
163	7.123030	13.799389	511	312	332	222	796	675	
164	29.411111	8.408955	405	182	320	916	402	710	
165	29.384121	23.375715	322	19	855	439	93	420	
166	4.529378	12.346323	151	714	390	770	445	58	
167	0.865832	17.972963	451	31	810	753	437	963	
168	27.930817	14.052371	902	613	552	469	894	327	
169	29.723386	27.335519	346	245	716	5	505	279	
170	4.110961	7.439258	555	352	626	22	676	
171	1.375591	14.491137	254	682	442	253	838	754	
172	2.308874	7.684746	523	626	237	133	422	
173	31.448851	6.261310	455	582	272	747	775	468	
174	14.214438	9.048067	977	189	816	524	177	609	
175	10.775461	11.486974	690	585	654	776	271	785	
176	8.937387	19.384762	598	98	307	314	818	
177	13.969947	7.834353	782	647	174	609	366	977	
178	0.549542	21.605677	729	612	764	595	207	
179	29.290597	29.911194	376	525	391	638	416	912	
180	14.260607	22.798757	853	600	874	298	278	126	
181	1.387449	0.229265	873	903	723	213	340	701	
182	30.389488	8.308885	468	282	402	720	164	405	
183	22.515733	12.431230	471	458	755	465	385	641	
184	17.264771	0.529049	567	295	956	358	980	827	
185	19.010348	28.555051	877	715	311	223	395	463	
186	2.990724	27.023971	72	973	581	869	383	52	
187	10.585724	27.128389	17	450	30	698	37	473	
188	13.121428	24.469072	162	126	759	38	954	
189	13.143217	9.435446	174	816	829	588	628	977	
190	29.709599	17.985454	844	380	117	433	9	214	
191	17.592067	23.359429	321	247	118	464	101	790	
192	27.211399	24.638096	561	233	821	305	250	721	
193	8.886000	0.391332	130	119	774	826	443	670	
194	21.387907	2.860233	635	535	984	234	637	840	
195	16.681015	12.328930	315	440	578	134	965	129	
196	11.185593	31.350898	155	610	762	132	263	130	
197	2.430495	19.291949	794	466	503	547	810	603	963	
198	23.909665	15.326927	27	146	882	880	955	449	
199	22.466354	24.927286	244	944	971	825	629	792	
200	27.160012	29.373607	25	90	391	460	138	431	911	
201	9.829466	25.267863	514	905	473	82	37	497	
202	25.689553	21.934348	633	946	84	492	488	24	
203	16.447797	2.138490	956	846	277	472	358	453	
204	18.756259	12.581912	965	159	975	787	930	672	
205	10.611876	22.697406	732	269	655	584	286	153	
206	9.154794	5.316579	238	925	144	705	501	228	
207	1.444236	21.031075	974	806	595	178	729	603	547	
208	8.656735	15.281707	796	745	662	18	275	
209	14.744120	27.037474	267	456	106	864	341	235	
210	18.755785	6.604101	731	893	680	702	142	833	
211	21.709036	8.668594	336	32	362	227	374	736	
212	20.267512	11.039053	268	63	672	527	396	
213	1.142373	1.462553	903	181	870	723	499	375	
214	28.926935	16.902374	844	606	587	9	190	236	854	
215	7.198293	21.902884	842	683	995	914	900	217	636	
216	11.289711	15.165430	28	20	727	371	926	
217	7.055832	20.728730	604	98	683	812	636	215	
218	20.487606	16.902374	34	438	661	504	550	592	
219	24.639408	1.795699	939	988	653	569	685	325	319	
220	16.922138	7.889883	822	913	859	680	594	3	987	
221	11.909928	3.917271	55	116	264	1	157	361	
222	6.249356	13.244884	511	163	996	770	332	461	445	
223	19.515206	29.575202	494	395	108	311	726	185	
224	3.193900	14.012843	390	563	682	254	712	517	
225	26.784492	27.563203	136	25	293	290	431	355	
226	31.350898	25.519960	243	906	346	725	400	566	674	
227	21.693225	9.807014	211	374	871	362	268	396	
228	9.233851	4.261169	696	644	206	238	553	772	501	
229	24.720505	16.835081	146	54	120	148	493	
230	20.740589	30.662235	718	494	783	726	573	500	
231	17.753027	5.030725	531	750	708	893	731	849	
232	3.201806	16.997242	823	815	495	794	309	
233	27.756702	23.881047	322	439	192	561	250	412	
234	20.275212	2.682149	840	194	576	109	707	984	
235	15.971400	26.831135	341	209	74	61	728	864	
236	28.843925	15.803483	902	703	587	214	854	552	
237	1.680434	8.321249	14	502	489	422	133	172	
238	10.040232	5.061668	484	553	925	206	228	
239	21.077355	23.653521	677	929	792	981	944	337	
240	21.100456	26.723175	406	825	518	95	921	13	
241	1.735300	28.958558	421	75	834	330	581	393	
242	7.452556	5.817484	923	832	152	144	607	501	
243	31.587201	24.574850	105	53	906	342	674	226	
244	23.104391	24.238858	681	597	629	793	199	944	
245	30.729433	27.665977	888	400	15	169	346	5	
246	2.199364	3.099506	865	10	969	660	499	
247	17.183026	22.238718	321	313	790	381	191	947	
248	16.542665	17.902444	907	932	979	878	512	343	
249	26.666539	5.191401	756	478	868	50	695	11	
250	28.285024	24.933785	855	12	821	671	439	192	233	
251	13.439680	5.771157	543	55	782	266	752	992	
252	17.047380	30.228675	800	125	938	295	580	567	
253	0.942898	15.485516	39	442	682	171	31	848	659	
254	2.061267	13.819533	563	224	171	754	682	958	
255	13.605700	31.108906	262	668	767	155	961	548	
256	4.593208	26.456405	26	803	498	970	383	869	
257	7.090064	17.182394	528	831	740	722	760	
258	25.420760	12.210345	100	46	519	748	950	866	
259	26.078671	15.006636	978	766	575	27	469	924	
260	31.196660	4.286436	333	301	582	455	288	858	
261	11.190510	17.890586	572	917	434	85	541	408	
262	14.328596	30.440717	686	41	668	255	767	454	
263	11.372341	30.334148	960	132	590	991	155	196	
264	12.600902	3.102511	861	70	221	1	157	901	
265	3.187339	11.019763	344	462	643	714	151	797	
266	12.573912	6.496172	665	8	647	992	251	782	
267	14.510902	25.887196	341	112	209	759	162	456	
268	20.509110	9.957016	379	362	227	63	212	396	
269	10.490856	23.756611	905	514	205	732	308	655	
270	7.328578	18.602098	760	314	604	598	740	717	
271	10.143006	10.739885	776	175	785	480	983	378	
272	0.292511	7.099313	747	133	468	282	502	173	
273	4.775039	24.740870	828	508	803	318	26	837	
274	4.726056	8.968219	352	22	538	91	949	
275	8.874142	16.360834	18	623	831	335	745	208	
276	31.112859	10.423658	283	720	689	4	678	373	
277	15.520127	2.816925	441	579	697	453	203	472	
278	13.267383	22.810932	853	515	180	410	954	126	
279	28.758480	27.197612	505	169	716	136	25	671	
280	16.092040	14.526713	650	546	134	299	935	143	
281	22.712427	4.945802	843	781	397	354	657	624	
282	31.464663	8.376083	272	468	720	182	283	14	502	
283	0.067198	9.502644	720	276	678	14	282	
284	29.602872	11.771579	689	516	809	368	161	
285	24.902937	5.353578	397	354	898	868	51	44	
286	10.463186	21.515347	639	403	153	936	584	205	
287	18.819505	8.664641	896	379	951	425	833	859	
288	30.701763	3.474553	817	559	333	260	673	858	317	
289	27.039403	0.746298	534	323	943	88	742	539	
290	25.887196	27.001898	355	225	571	304	293	398	
291	26.472217	9.384059	522	931	387	570	605	
292	20.577415	19.177000	941	34	326	562	482	154	
293	25.752799	28.037544	431	526	304	225	290	
294	29.104813	10.028373	957	320	402	4	516	
295	16.676904	31.105902	980	184	938	252	567	41	
296	24.626237	25.507722	571	363	398	145	793	629	
297	7.447164	27.484146	990	316	365	802	122	642	
298	15.538642	22.942324	790	780	180	874	381	600	
299	16.052512	15.503066	546	280	111	887	404	935	
300	21.922490	16.285730	438	356	882	474	880	504	
301	1.035646	4.427189	969	333	86	976	660	260	455	
302	29.531720	21.677413	769	94	36	19	771	
303	1.608809	23.167637	806	875	105	53	758	595	
304	24.945311	27.945680	293	290	430	411	526	571	830	
305	26.440594	25.345655	398	145	355	821	721	192	
306	17.428103	19.574499	820	73	850	150	932	512	
307	9.388486	20.097824	679	818	936	98	403	176	
308	11.577889	24.151896	38	954	648	269	905	655	
309	2.369684	16.887828	815	232	659	437	794	848	
310	2.940918	5.941129	976	862	611	523	676	
311	18.566807	29.523024	580	108	715	185	223	125	
312	8.344460	13.530596	537	511	662	796	542	163	
313	17.872877	21.262206	487	483	247	321	150	73	947	
314	8.672546	18.436079	335	85	598	270	176	818	760	
315	17.589221	11.576766	952	159	195	440	965	889	
316	8.397428	26.993202	82	698	122	297	113	990	
317	29.767943	2.839963	673	684	448	700	288	559	
318	3.672195	24.642049	837	273	691	803	646	
319	23.681507	1.170043	939	329	219	92	569	
320	28.559320	9.336625	164	402	957	294	916	570	
321	18.128358	22.377225	483	313	191	247	101	510	
322	28.341914	22.677484	36	19	233	439	165	412	649	
323	27.724669	0.014230	539	138	534	289	634	638	
324	11.126790	13.271447	20	738	413	997	654	585	
325	25.786066	2.454623	988	943	685	219	891	0	614	
326	19.635041	19.746843	292	154	820	487	845	562	
327	27.080038	13.222779	966	894	978	519	168	469	
328	3.751252	29.124577	919	470	805	773	52	330	
329	23.547110	0.122538	530	369	92	319	939	632	999	
330	2.647459	29.021613	328	52	805	485	834	581	241	
331	17.374344	24.975906	118	784	743	728	464	83	777	
332	6.229276	14.366069	967	544	675	163	222	461	
333	0.399238	3.636619	817	288	260	301	969	375	
334	24.602931	19.600034	860	554	886	625	452	704	
335	9.079690	17.364857	623	275	314	85	760	831	
336	21.716942	7.577608	746	32	736	211	982	509	994	
337	19.814911	23.354227	677	239	101	417	981	510	424	
338	14.293495	1.557422	658	453	579	961	70	749	
339	4.778992	5.826497	35	102	676	555	127	862	
340	0.553399	31.472568	701	414	723	181	131	139	
341	15.455632	25.946488	784	728	209	267	235	112	
342	31.181215	23.645773	764	53	906	420	243	93	
343	17.254177	17.147451	506	40	248	878	907	404	
344	2.709123	9.858986	91	422	462	265	797	489	
345	5.641424	18.266264	722	740	557	364	717	968	
346	30.515979	26.610567	226	400	169	245	505	725	
347	7.090064	10.279331	622	459	158	734	476	446	
348	8.779178	8.208482	65	64	399	895	432	927	
349	30.278809	31.575342	376	139	536	667	131	416	
350	5.109577	4.119278	6	29	35	102	663	779	
351	27.058661	10.942588	387	570	100	962	966	957	
352	5.142654	8.055902	274	949	555	170	22	401	66	
353	12.530525	26.108555	759	38	447	30	568	456	648	
354	23.768469	5.197994	281	624	44	285	397	
355	26.630331	26.393160	821	136	290	225	398	305	
356	22.594474	17.127686	880	300	47	438	148	819	
357	4.217008	21.613377	739	532	630	751	709	124	
358	16.299960	1.112878	980	184	203	453	658	956	
359	18.339281	15.512521	389	135	621	506	546	
360	13.625464	28.760915	106	426	486	454	998	
361	10.988915	3.367035	696	428	221	116	1	553	
362	20.843363	9.075737	211	227	379	268	896	736	
363	23.776375	26.353631	971	629	791	411	296	571	
364	4.514151	18.388645	945	968	466	495	557	345	
365	6.743557	28.361678	297	122	993	884	802	529	
366	14.743108	7.571220	724	594	177	609	782	
367	26.812162	18.862986	964	778	554	953	763	985	
368	29.727339	12.924861	284	161	613	477	809	141	
369	24.428595	30.791730	830	620	329	530	137	632	890	
370	4.382917	0.904334	521	56	839	599	652	876	
371	10.125376	14.905238	87	662	18	926	216	20	
372	15.890445	20.985665	549	850	947	150	381	847	
373	0.233218	11.044255	678	89	757	689	583	276	
374	22.598427	9.573796	713	475	871	211	32	227	
375	0.683843	2.415190	213	499	870	817	969	333	
376	30.330196	30.361818	525	179	416	349	139	841	
377	13.348765	13.783578	879	852	788	96	43	738	
378	10.421333	9.687511	989	399	271	776	768	983	
379	19.740518	9.372200	287	896	425	63	268	362	
380	28.921401	18.532054	844	190	115	778	117	
381	15.841794	22.032537	947	247	790	298	600	847	372	
382	21.858232	14.645804	811	560	882	474	449	
383	4.143691	27.397974	970	256	52	919	869	186	
384	27.187682	16.562429	924	587	606	114	575	
385	23.194516	11.725488	866	761	183	641	458	871	748	
386	5.269145	20.021170	532	812	968	945	739	717	
387	26.167848	10.325611	291	931	46	351	100	570	
388	19.570546	4.371849	984	457	731	922	750	707	
389	18.200489	14.521416	787	135	650	546	359	975	
390	3.944941	13.404104	445	166	712	461	563	224	714	
391	28.207833	29.854589	90	912	138	200	638	179	
392	11.062122	7.953903	741	665	989	65	768	156	
393	0.456098	29.403174	241	75	834	414	841	15	
394	3.652431	2.529822	839	6	779	10	599	865	
395	19.981168	28.470618	518	463	918	494	223	185	
396	21.319017	10.648369	227	871	527	212	458	268	
397	23.834703	4.413749	843	551	281	354	285	51	
398	25.582826	26.037404	355	290	571	296	305	145	
399	9.442561	8.829237	895	348	983	378	989	65	
400	31.478161	26.557345	226	566	346	245	888	920	
401	5.813531	7.244304	832	640	352	555	66	127	
402	29.800609	9.361449	182	720	4	294	320	164	
403	10.143006	20.455984	679	639	936	286	307	
404	16.758143	16.141119	111	299	878	343	546	506	
405	29.986899	7.291485	616	775	164	182	468	710	
406	20.811266	25.566224	981	49	240	825	95	792	
407	15.057454	4.791625	697	441	807	564	423	752	543	
408	10.850565	17.032818	727	572	85	623	261	926	
409	13.238085	16.902374	572	481	33	687	801	711	2	
410	12.330954	22.523512	515	278	655	954	153	565	
411	24.172609	27.387586	571	363	430	593	304	791	
412	27.332499	22.866746	488	561	233	649	322	
413	12.064089	12.613535	149	48	738	324	788	585	
414	0.449360	30.466015	834	701	139	340	841	393	
415	22.784211	22.045028	692	589	929	490	835	681	
416	29.496145	30.919170	376	179	634	638	349	536	
417	19.325469	24.203283	981	337	49	464	101	83	
418	6.285976	25.539503	498	26	601	77	508	642	
419	24.031413	8.054163	857	959	479	746	32	713	147	
420	30.140459	23.732894	906	342	855	165	93	
421	1.489920	27.907100	973	920	241	75	581	
422	2.616785	8.799038	237	172	489	344	91	626	22	
423	14.147335	4.047399	441	407	543	157	861	
424	20.116039	22.258482	677	57	845	337	510	483	
425	18.736495	9.829418	379	63	287	951	889	952	
426	12.953480	28.199611	106	360	737	486	568	447	
427	12.230109	1.043552	749	548	610	762	645	901	
428	10.530796	2.454813	934	645	696	128	361	1	
429	23.467737	29.220710	830	430	81	62	620	799	
430	23.922631	28.326102	62	593	304	830	429	411	
431	26.541945	28.589694	225	25	911	526	200	293	
432	7.862213	7.854307	152	640	927	348	64	
433	30.887547	18.005218	451	9	190	753	123	117	
434	10.518621	18.545968	261	85	541	818	679	
435	3.229176	4.384624	779	102	976	660	10	862	
436	15.858822	10.526432	706	68	556	524	440	129	
437	1.604856	17.345093	963	794	167	31	659	309	
438	21.416367	17.285168	356	300	34	941	47	504	218	
439	28.610707	23.815904	322	165	855	250	233	
440	16.732402	11.091689	436	68	889	315	129	195	
441	14.827129	3.565468	277	697	423	407	861	579	
442	0.224996	14.949873	838	171	39	253	574	97	
443	8.055902	31.409323	940	16	670	193	856	774	
444	15.610710	28.628732	864	74	998	686	800	79	
445	5.154513	12.989055	770	166	461	390	222	
446	6.454999	10.981009	347	158	996	986	734	
447	12.230109	27.290456	353	568	737	450	30	426	
448	29.593701	1.631893	559	317	700	534	667	536	
449	23.159731	14.625534	955	198	882	465	560	382	
450	11.356530	27.677835	447	30	17	187	737	
451	31.532150	17.290338	31	39	433	9	666	753	167	
452	23.881284	19.008135	334	860	704	904	120	819	
453	15.509343	1.656142	358	658	579	338	203	277	
454	13.969362	29.575202	998	360	668	486	262	686	
455	0.134397	5.099173	260	301	582	173	86	747	
456	13.815201	26.440594	759	353	568	106	209	267	
457	20.831504	4.300698	922	388	693	637	984	781	
458	22.010559	11.532669	385	871	183	471	527	396	
459	8.195564	10.474033	983	480	158	347	863	622	895	
460	26.362486	30.424760	911	137	890	539	138	200	
461	5.249381	13.823106	222	445	967	712	332	390	
462	2.312416	10.818942	344	265	89	489	643	520	
463	19.677462	27.590873	518	95	395	928	877	185	
464	17.862916	24.167707	191	101	417	83	118	331	
465	23.032560	13.476315	933	641	560	755	449	183	955	
466	3.442930	18.843222	495	794	503	197	945	364	
467	4.952917	30.863830	876	521	899	773	7	
468	30.966604	7.372060	775	405	182	272	282	173	
469	26.930747	14.380458	327	168	978	924	552	259	
470	4.826426	29.334078	884	529	773	328	899	919	
471	21.397394	12.292390	183	458	885	755	527	
472	16.441788	3.213032	846	203	849	531	277	697	
473	9.882118	26.262716	37	201	698	82	187	
474	21.329563	15.182886	882	382	550	78	300	811	504	
475	23.564977	10.076756	765	713	67	761	374	871	
476	6.609160	9.459163	66	949	347	734	622	927	
477	29.333920	13.904377	141	703	902	613	368	
478	27.096767	4.411377	596	756	50	249	614	881	
479	24.683949	8.901005	857	522	765	713	931	419	
480	8.992727	10.973103	459	863	785	271	983	
481	13.028963	17.915078	409	33	59	572	917	
482	21.698284	19.222379	292	154	941	47	904	656	744	
483	18.938090	21.633932	845	487	510	321	424	313	
484	11.037567	5.219814	238	925	992	8	553	116	
485	2.494247	30.342054	330	805	701	873	813	834	
486	12.629346	29.211540	426	360	668	454	991	737	
487	18.886545	20.783912	845	326	313	73	483	820	
488	26.401066	22.381020	649	24	412	492	202	561	
489	1.764393	9.623744	422	344	678	14	89	462	237	
490	21.597977	21.929605	496	57	677	929	415	835	
491	18.647793	18.320023	932	907	40	661	820	562	
492	25.758380	23.333957	488	202	836	721	561	84	
493	25.385184	17.613887	114	54	120	229	953	860	
494	20.432267	29.468475	918	395	726	223	718	230	
495	3.825091	17.787812	823	557	794	466	364	232	
496	21.416367	21.014916	835	744	490	154	57	
497	8.589537	25.314033	733	601	990	82	201	514	
498	5.576550	26.439487	418	642	970	256	802	26	
499	1.729133	2.231777	903	865	969	375	246	213	
500	21.724848	30.749197	718	230	573	999	799	
501	8.202158	5.055691	206	144	242	607	772	228	
502	0.711512	8.033450	237	133	14	282	272	
503	3.320392	19.890726	466	945	547	124	739	197	
504	20.986582	16.109433	474	550	218	438	300	
505	29.438101	26.341393	725	12	346	169	279	671	
506	17.804098	16.303976	404	343	40	621	546	359	
507	13.214083	19.812444	618	59	808	591	586	851	
508	6.098958	24.567419	77	418	273	26	828	45	
509	21.286082	6.700076	982	657	994	669	336	
510	19.308077	22.462291	483	321	101	424	337	
511	7.378653	12.878755	537	312	222	163	996	
512	16.498583	18.975690	932	248	533	850	306	979	
513	18.205391	3.285923	109	107	707	531	750	846	
514	9.411729	24.412784	732	269	733	121	905	497	201	
515	13.044395	21.819716	591	565	853	278	410	
516	29.066597	10.915945	957	294	809	962	284	689	4	
517	3.292722	15.064300	804	712	848	682	224	815	
518	20.823598	27.737128	240	13	395	463	918	95	
519	26.389207	12.653063	258	950	978	327	100	966	
520	1.612762	11.692522	462	89	643	583	958	
521	4.159170	31.466560	773	467	56	370	876	813	
522	25.926724	8.550008	608	602	479	857	291	605	931	
523	2.537728	6.727746	133	172	611	310	676	626	
524	15.007316	9.855080	609	174	556	436	706	816	
525	30.389488	29.369654	841	15	179	376	912	5	
526	25.348897	29.066549	293	431	137	830	911	304	
527	20.734106	11.740920	458	396	930	885	471	672	212	
528	6.881907	16.088088	745	831	908	722	257	544	675	
529	5.628854	28.195658	802	365	919	470	884	970	
530	24.919159	0.156087	890	88	939	988	329	369	
531	17.297184	3.808963	750	231	472	849	846	513	
532	5.192618	21.092771	812	683	709	357	739	386	
533	15.470099	19.326576	512	979	618	549	850	688	
534	28.326102	1.004023	536	448	742	289	700	634	323	
535	22.158238	2.089933	71	840	635	194	92	569	
536	29.559390	0.723371	416	634	534	448	349	667	
537	8.063808	12.309166	863	158	511	312	542	996	
538	4.725233	9.971310	949	274	797	91	734	58	
539	26.863549	31.184011	890	460	138	323	289	88	
540	9.174558	29.527768	545	104	670	960	16	798	
541	11.551958	18.952479	434	679	917	261	808	851	
542	9.111313	12.909999	537	312	997	87	785	654	662	863	
543	13.819153	4.842238	251	55	423	157	407	752	
544	6.048821	15.362187	675	528	908	617	967	332	
545	9.984892	28.843925	590	17	540	104	113	960	
546	17.228563	15.184783	299	280	404	389	650	359	506	
547	2.379614	20.392738	503	124	974	603	207	197	
548	12.858612	0.083010	255	155	610	427	961	749	
549	15.139404	20.266247	850	372	533	586	618	847	
550	20.029788	15.695839	474	504	592	218	78	135	621	
551	24.223047	3.684053	843	397	685	653	0	51	
552	27.875478	15.127546	902	236	924	469	168	587	
553	10.435516	4.182112	696	228	238	484	361	116	
554	25.910913	19.400573	367	953	625	334	985	860	
555	4.834332	6.941199	127	339	170	676	352	401	
556	14.966080	10.891612	436	524	664	103	129	816	
557	4.909436	17.439961	908	722	345	364	495	823	
558	19.471725	0.857768	783	42	915	576	827	789	
559	30.508074	2.280793	870	817	317	288	448	667	
560	22.325680	14.099806	465	755	449	382	811	
561	26.707063	23.650184	412	233	721	492	192	488	
562	19.591891	18.691907	661	34	326	292	491	820	
563	2.846050	13.024631	643	958	254	714	224	390	
564	15.716046	5.860349	407	752	3	724	708	807	
565	12.140316	21.327128	591	808	410	153	515	639	
566	0.854201	26.364541	973	920	400	226	694	674	
567	17.819435	31.361889	580	108	184	827	789	295	252	
568	13.064160	26.986087	456	106	447	353	426	
569	23.219024	1.905272	92	319	535	635	219	653	
570	27.337890	9.822825	320	957	387	291	605	351	916	
571	24.785363	26.605665	398	290	411	363	304	296	
572	12.028514	16.981431	409	2	261	408	917	727	481	
573	21.277860	0.055972	999	500	42	71	230	783	
574	31.077442	14.475484	838	76	141	97	442	
575	26.207376	16.024842	924	384	114	54	27	259	
576	20.167268	1.671738	109	234	558	42	840	915	
577	6.511588	30.024277	940	7	899	884	993	
578	15.831153	12.664922	631	143	134	195	103	129	
579	14.641346	2.363803	338	70	441	277	861	453	
580	18.080323	30.421111	311	108	252	567	125	
581	2.466988	27.984133	52	186	330	973	421	241	
582	30.784001	5.362432	858	260	972	775	173	455	
583	0.652220	11.957362	520	89	958	373	757	754	719	
584	9.764544	22.032569	936	286	732	21	205	900	
585	11.486974	12.036419	48	690	654	175	413	324	
586	13.981220	20.471795	618	507	853	591	549	847	
587	28.029639	16.258060	236	214	606	384	552	924	
588	12.427751	10.111383	628	189	776	768	829	48	690	
589	23.742049	22.518737	415	681	692	633	84	597	
590	11.075878	29.136436	991	737	263	960	17	545	
591	12.902093	20.689202	586	507	808	853	515	565	
592	19.479630	16.716590	550	218	661	621	40	
593	22.968097	27.753097	791	411	62	13	430	
594	15.666777	7.641486	3	220	609	366	913	724	
595	1.151069	22.353825	53	764	207	178	806	303	
596	28.196338	4.028109	684	673	756	937	881	478	
597	24.195377	23.266458	84	836	793	244	681	589	
598	7.980798	19.297799	604	270	314	98	176	
599	3.462694	1.442789	370	56	865	903	839	394	
600	14.864729	22.162301	853	847	180	298	381	
601	7.340437	25.677695	733	497	990	642	77	418	
602	25.994239	7.333006	898	857	522	608	695	730	
603	1.378676	19.947410	197	547	729	207	810	897	
604	7.100942	19.709496	598	98	812	217	717	270	
605	27.246975	8.723933	570	291	916	867	522	608	
606	27.692224	17.378297	844	214	964	114	384	587	
607	7.202245	4.619756	772	501	242	663	110	923	
608	26.685671	7.893836	730	867	522	605	602	
609	15.036630	8.684405	524	174	706	177	594	366	913	
610	11.826918	0.351803	196	762	427	155	548	
611	1.895311	6.083337	976	310	133	747	86	523	
612	31.258324	21.243185	948	769	94	729	178	764	
613	28.519792	13.364576	809	368	902	477	894	168	
614	26.468264	3.201806	325	891	50	0	881	478	
615	5.241475	2.699795	652	619	29	6	839	
616	29.298503	6.522198	972	699	405	775	786	710	
617	5.103126	15.937879	544	967	908	823	804	
618	14.301590	19.461447	688	533	586	549	33	507	59	
619	5.945082	2.043622	735	160	615	652	883	29	
620	23.699690	30.066778	632	369	799	429	830	
621	19.006396	16.029269	550	135	506	40	592	359	
622	7.737461	9.537508	476	347	459	895	927	
623	9.928398	16.673267	926	408	335	275	18	85	
624	23.088580	5.897648	354	44	982	657	147	281	
625	25.357988	20.244364	24	946	886	334	985	554	
626	3.206629	7.629959	676	170	422	172	22	523	
627	19.385236	26.001623	83	49	95	777	928	
628	12.285449	9.020397	741	768	588	189	977	
629	23.634073	25.238929	296	793	199	971	244	363	
630	3.253494	22.060934	124	974	875	806	357	751	
631	14.799459	12.878376	96	103	578	143	43	
632	23.302034	30.875688	620	369	329	999	799	
633	24.424484	21.752834	886	692	589	84	202	946	
634	28.843925	0.209501	323	534	638	416	536	
635	22.673847	2.836405	653	569	843	535	194	637	
636	7.937317	21.207025	217	98	900	215	936	
637	21.879483	3.657807	457	781	635	194	843	984	
638	28.496075	30.946840	416	179	323	634	391	138	
639	11.091689	20.780117	808	679	286	153	565	403	
640	6.930653	7.656364	832	152	432	927	401	66	
641	23.583935	12.915406	933	465	183	385	748	
642	6.597302	26.594755	601	418	802	498	297	990	
643	2.593068	11.965268	462	265	714	520	958	563	
644	8.889953	3.355967	696	128	772	228	942	872	
645	11.293600	1.725750	762	427	901	1	428	934	
646	3.249082	23.884841	837	875	691	758	318	
647	12.999791	7.340121	782	177	741	977	266	665	
648	11.520019	25.328579	30	353	308	905	37	38	
649	27.345796	21.938301	140	36	412	322	24	488	
650	17.032818	14.242108	975	134	546	280	389	
651	28.266809	20.313681	771	115	36	763	140	778	
652	5.276545	1.441268	814	160	839	370	615	619	876	
653	23.784597	2.786283	685	219	569	551	635	843	
654	10.417270	12.501116	585	175	997	542	324	785	
655	11.506738	23.080674	410	153	269	308	954	205	
656	22.636643	19.664908	904	482	835	744	704	
657	21.847386	5.830449	781	281	669	509	624	982	693	
658	15.107592	0.815710	961	767	453	338	358	980	
659	1.482318	16.111805	253	848	437	31	309	
660	2.098045	4.210256	246	10	301	976	435	969	
661	19.558687	17.645509	40	592	491	562	34	218	
662	8.952724	14.386466	87	371	208	18	312	542	796	
663	6.136084	4.583247	607	110	923	35	350	29	
664	14.122811	11.341667	556	103	96	816	829	149	
665	11.803834	7.238770	156	8	741	392	266	647	
666	30.716626	16.494598	854	9	451	97	39	
667	30.564919	1.268676	870	131	448	559	536	349	
668	13.105206	30.173399	262	255	155	486	454	991	
669	20.463573	5.937334	693	922	994	702	509	657	
670	9.111313	30.994274	960	130	193	443	16	540	
671	28.276027	26.297580	250	12	136	821	505	279	
672	19.499395	11.684616	930	204	527	212	952	159	63	
673	29.531720	3.846120	288	317	937	596	858	684	
674	0.738507	25.161295	243	105	566	226	824	694	
675	7.086190	14.949510	163	796	528	544	745	332	
676	3.853552	6.403612	862	339	523	310	170	555	626	
677	20.915304	22.704774	929	490	337	424	239	57	
678	0.743926	10.096994	489	14	276	373	283	89	
679	10.799953	19.665889	541	808	639	434	818	307	403	
680	17.807576	7.040021	893	210	220	859	833	987	
681	23.013476	23.254599	589	597	944	244	929	415	
682	2.371708	14.799459	224	517	253	171	848	254	
683	6.292933	21.456054	217	812	842	709	215	532	
684	28.824161	3.217618	700	317	673	69	596	881	
685	24.760634	2.751182	653	219	551	0	325	
686	15.135451	29.709599	262	41	998	444	800	938	454	
687	14.228226	17.033767	111	23	33	711	409	
688	14.710378	18.566839	23	979	618	533	33	
689	30.465302	11.309254	4	516	161	757	284	276	373	
690	11.725488	10.811511	588	776	585	175	48	
691	2.850003	25.096626	758	824	72	869	803	318	646	
692	23.531299	21.380950	886	633	415	589	835	704	
693	21.139826	5.194041	657	781	669	922	457	
694	1.537658	25.934630	824	674	72	973	566	
695	26.349046	6.272488	249	11	602	898	730	868	
696	9.882118	3.340156	361	428	228	644	553	128	
697	15.748617	3.881854	472	849	441	407	807	277	
698	9.550395	27.232270	82	316	113	17	473	187	
699	28.567226	5.806732	937	972	11	786	616	756	
700	28.893257	2.076288	448	317	69	684	534	742	
701	1.640432	30.800584	485	834	181	340	873	414	
702	19.430615	6.060394	731	210	142	994	669	922	
703	29.709599	15.174980	854	236	477	902	141	97	
704	23.425916	20.228932	334	886	692	835	656	904	452	
705	9.502644	6.636830	925	206	65	64	156	144	
706	15.981361	9.494739	822	68	524	436	913	609	
707	19.257164	3.553704	234	109	388	750	984	513	
708	16.886563	5.573514	849	807	893	987	3	564	231	
709	5.447181	21.972043	532	357	892	751	842	683	
710	28.990813	7.591364	916	164	786	616	405	867	
711	14.086366	16.210784	887	111	801	687	409	
712	4.284886	14.317212	461	967	517	804	390	224	
713	23.337609	8.850425	479	765	374	475	32	419	
714	3.581880	12.343018	151	166	643	265	390	563	
715	17.934067	28.492122	877	185	125	79	311	60	
716	28.805662	28.119210	279	169	90	25	5	912	
717	6.336414	19.163403	386	812	968	604	345	740	270	
718	21.424431	29.727307	918	81	230	494	799	500	
719	0.180412	12.703818	583	754	161	76	838	757	
720	30.776867	9.237804	402	182	276	4	283	282	
721	26.032818	24.366931	192	561	145	836	305	492	
722	6.071099	17.139071	557	345	908	528	257	740	
723	0.415523	0.825038	870	213	181	340	131	
724	14.961526	6.617066	782	752	564	366	3	594	
725	30.286714	25.638166	906	226	505	12	346	855	
726	19.902585	30.563414	494	230	108	783	223	
727	11.637593	16.101258	216	926	408	2	572	28	
728	16.445899	25.636743	784	331	61	743	341	235	
729	0.470389	20.574569	603	207	178	897	612	948	
730	27.100720	7.024209	786	11	867	608	602	695	
731	18.728431	5.244116	388	750	702	210	231	893	922	
732	9.716098	23.282269	121	21	514	269	205	584	
733	8.196861	24.594456	514	121	601	497	77	99	
734	5.714394	10.161853	949	476	986	446	347	58	538	
735	6.902272	1.672355	774	160	883	619	795	
736	20.710990	8.061911	994	142	362	211	896	336	
737	11.874353	28.361678	486	991	590	447	426	450	17	
738	12.153566	13.750121	788	377	20	324	28	413	852	
739	4.274862	20.487290	945	386	124	357	532	503	
740	6.688217	17.938020	257	760	717	345	270	722	
741	12.119429	8.119148	647	665	977	392	768	628	
742	27.685741	1.589045	943	891	700	69	534	289	
743	17.388574	25.958347	777	331	61	728	909	
744	22.002891	20.232727	154	496	835	482	656	
745	7.814462	15.776935	796	208	275	831	528	675	
746	22.831645	7.530174	982	147	336	32	419	
747	0.806381	6.138772	455	86	611	173	272	133	
748	24.282656	12.468703	866	385	950	933	641	258	
749	13.303860	1.226331	427	901	961	548	70	338	
750	18.355441	4.263067	531	231	731	513	707	388	
751	4.155233	22.612214	709	892	837	630	357	875	
752	14.522760	5.751392	407	564	782	251	724	543	
753	0.225312	18.523041	897	123	810	167	451	433	
754	1.064265	13.267336	583	958	838	719	171	254	
755	21.795999	13.253896	885	811	560	465	183	471	
756	27.911053	5.043833	937	596	11	249	699	478	
757	31.115705	11.953030	583	373	719	161	689	
758	2.312890	23.958301	875	646	303	105	691	824	
759	13.392246	25.535392	188	162	456	353	38	267	
760	8.061784	17.722985	831	257	740	335	314	270	
761	23.547110	10.984962	67	475	871	385	866	
762	10.834754	0.719418	610	427	645	196	934	119	130	
763	27.335519	19.770244	778	367	985	140	651	
764	0.146255	22.558898	595	178	342	93	53	94	612	
765	24.254670	9.577748	67	475	479	713	931	
766	25.290316	14.253967	933	950	978	259	27	955	
767	14.823177	31.579295	961	658	262	41	980	255	
768	11.325413	9.087501	378	776	588	741	392	628	989	
769	30.189632	20.978392	948	910	302	771	612	94	
770	5.826497	12.257779	996	986	445	166	58	222	
771	29.144341	20.689202	910	769	36	651	115	302	
772	8.009101	4.104874	644	942	607	501	228	110	
773	4.110961	30.302526	470	328	813	521	467	899	805	
774	7.834385	0.804009	856	160	826	193	443	795	735	
775	30.440875	6.292933	582	173	405	616	468	972	
776	11.198416	10.226015	378	768	588	690	175	271	
777	18.376786	25.523534	627	83	743	331	928	909	
778	28.061419	19.164509	844	380	763	367	115	964	651	
779	3.943202	3.785088	6	350	435	102	10	394	
780	15.752096	23.811951	790	298	112	784	874	118	
781	21.943377	4.567120	843	281	657	693	457	637	
782	13.831012	6.684264	752	724	647	266	366	251	177	
783	20.096275	31.591154	726	230	573	42	789	558	108	
784	15.914162	24.788304	341	112	728	331	118	780	
785	9.681629	11.806474	654	542	480	271	175	863	
786	28.231392	6.800921	699	616	867	730	710	11	
787	18.922279	13.601747	930	204	389	135	80	975	
788	12.828428	12.947946	738	413	377	96	149	
789	18.862986	0.090915	567	108	558	827	783	
790	16.624252	23.013681	381	247	780	298	118	191	
791	22.939953	26.989249	971	363	13	593	411	921	
792	21.349327	24.590662	199	944	406	981	825	239	
793	24.096556	24.412784	836	145	629	244	296	597	
794	2.724618	18.077002	437	309	963	197	495	466	232	
795	7.763392	1.786687	735	774	942	872	826	883	
796	7.895575	14.499834	163	675	745	208	312	662	
797	3.862248	10.244673	538	91	265	151	58	344	
798	7.925458	29.579155	540	16	940	993	104	122	
799	22.479841	30.215563	429	620	999	500	632	718	81	
800	16.114176	29.391821	125	79	252	444	686	938	
801	13.412010	15.518878	879	852	409	2	711	887	28	
802	6.338738	27.485458	970	529	642	498	365	297	
803	4.103055	25.567015	26	256	869	691	318	273	
804	4.237452	15.447726	967	712	815	517	823	617	
805	3.249398	29.881500	328	773	813	485	330	
806	2.106235	22.255541	974	630	875	207	595	303	
807	15.967447	5.025191	564	708	407	849	697	
808	11.872724	20.224394	541	851	507	679	639	591	565	
809	28.872069	12.302478	284	368	894	962	613	516	
810	1.278351	19.099050	963	197	897	753	603	167	
811	20.880678	13.942957	755	885	78	80	474	560	382	
812	6.122960	20.349257	717	604	532	386	217	683	
813	3.214345	31.131042	56	873	773	521	485	805	
814	6.028092	0.395285	652	160	876	856	7	
815	3.419213	16.103899	804	823	309	232	848	517	
816	14.012843	10.091619	524	174	829	664	556	189	
817	31.405370	2.751182	559	288	870	333	375	
818	9.779344	18.949949	434	85	307	176	679	314	
819	23.415085	18.010752	148	120	47	904	452	356	
820	18.696967	19.349186	932	306	562	491	487	73	326	
821	27.480193	25.673742	671	250	136	355	305	192	
822	16.937950	8.988774	951	68	706	859	220	913	
823	4.301804	16.642435	815	232	495	557	908	804	617	
824	1.834121	25.013616	758	691	694	674	72	105	
825	21.756470	25.606543	792	406	971	921	199	240	
826	8.882047	1.438836	193	119	795	774	934	128	872	
827	18.301682	0.897296	558	789	956	184	915	567	107	
828	5.370022	23.946506	273	508	45	892	837	842	
829	13.307924	10.632147	816	189	149	48	664	588	
830	24.472076	29.349890	304	526	620	429	137	430	369	
831	7.917553	16.740307	745	528	760	257	275	335	
832	6.758420	6.685055	242	152	401	127	640	923	
833	18.574428	7.715957	210	142	859	287	896	680	
834	1.425080	29.917977	393	241	701	414	485	330	
835	22.523323	21.072628	744	656	692	704	415	496	490	
836	24.883172	23.922631	145	721	492	793	597	84	
837	4.197924	23.614308	875	646	273	828	892	751	318	
838	0.520985	13.928205	171	754	442	574	719	76	
839	4.376513	1.976424	652	370	394	6	615	599	
840	21.222836	1.830168	71	535	234	194	576	42	
841	31.266056	29.843047	393	15	376	139	525	414	
842	5.936987	22.754959	709	683	914	215	45	892	828	
843	23.013634	3.727851	551	397	281	653	635	781	637	
844	28.484216	17.807576	214	190	964	778	380	606	
845	19.831434	20.780117	326	154	483	487	424	57	
846	17.375135	2.701376	956	203	531	513	107	472	
847	14.815271	21.112156	586	549	853	600	372	381	
848	2.367755	15.811388	682	517	659	309	253	815	
849	16.709317	4.457547	231	531	708	807	697	472	
850	16.299960	19.989247	306	150	372	512	549	533	
851	12.269637	19.329422	59	507	541	808	917	
852	13.036332	14.653916	28	801	738	377	879	
853	13.894257	21.598356	847	600	515	278	180	591	586	
854	29.839252	16.272227	236	214	9	666	97	703	
855	29.432899	24.657860	420	906	250	12	725	439	165	
856	7.070774	31.470448	7	940	814	774	443	160	
857	25.072909	7.988704	602	522	479	959	419	898	
858	30.132553	4.553680	937	673	972	582	260	288	
859	17.818644	8.212277	833	287	951	220	680	822	
860	25.088041	18.732700	953	493	334	452	554	120	
861	13.779625	3.059504	441	423	157	264	70	579	
862	3.573374	5.391683	102	339	310	676	976	435	
863	8.707490	11.820910	542	785	537	158	480	459	
864	15.250084	27.669930	235	74	444	998	209	106	
865	2.644455	2.015952	394	599	903	499	246	10	
866	24.531369	11.629276	67	761	258	46	385	748	
867	27.903306	7.683955	786	710	608	605	916	730	
868	25.823950	5.593279	51	285	898	695	249	50	
869	3.506175	26.278527	803	691	383	256	186	72	
870	31.547774	1.652132	723	213	559	667	375	817	131	
871	22.511464	10.652923	761	385	458	396	227	475	374	
872	8.439803	2.450765	826	128	795	644	942	
873	2.358269	31.563010	813	485	56	903	701	181	
874	14.712497	23.815904	780	298	162	126	112	180	
875	2.901390	23.013476	758	646	806	630	751	837	303	
876	5.146607	0.217407	7	467	652	370	814	521	
877	18.455052	27.644789	928	909	463	185	60	715	
878	16.125719	16.974158	404	343	979	23	248	111	
879	14.080041	14.716450	852	801	887	935	43	377	
880	23.191354	16.214579	198	146	356	148	882	300	
881	27.477347	3.452148	891	69	684	596	614	478	
882	22.602380	15.558406	449	198	300	474	880	382	
883	6.719840	2.695842	735	795	619	29	110	942	
884	5.971645	29.168153	899	577	470	993	529	365	
885	20.598286	12.985103	471	527	930	80	755	811	
886	24.298783	20.589274	625	334	692	704	946	633	
887	14.815271	15.601887	801	879	935	711	299	111	
888	31.614871	27.804326	75	920	15	245	400	
889	17.681085	10.435516	951	425	440	315	952	68	
890	25.543298	31.172152	530	88	460	137	369	539	
891	27.057238	2.387520	742	69	943	325	881	614	
892	4.972476	22.993395	828	837	842	709	751	
893	17.827340	6.075526	731	210	680	987	708	231	
894	27.930817	12.645158	966	327	168	613	809	962	
895	8.659581	9.353780	983	399	622	459	927	348	
896	19.791905	8.320743	736	142	379	287	362	833	
897	0.197642	19.523112	810	603	948	729	123	753	
898	25.267863	6.626553	868	695	602	857	44	285	959	
899	5.362432	30.074367	884	577	470	773	7	467	
900	8.435376	21.946207	936	584	995	215	636	21	
901	12.435657	1.956659	749	70	1	264	645	427	
902	28.794910	14.739060	477	703	552	236	613	168	
903	2.142443	1.063316	873	56	865	599	213	181	499	
904	22.969994	18.890656	47	819	704	452	482	656	
905	10.688182	24.667695	269	308	201	37	648	514	
906	30.504121	24.693436	342	243	855	420	725	226	
907	17.848622	17.876988	40	491	932	343	248	
908	5.644666	16.526854	823	617	557	722	528	544	
909	18.068464	26.654048	777	928	60	877	61	743	
910	29.970645	20.009517	117	115	771	948	769	123	
911	26.179706	29.543579	460	137	526	431	200	
912	29.148879	29.048683	5	716	179	391	525	90	
913	16.044606	8.463046	609	594	822	706	220	
914	7.111172	22.677484	995	215	842	99	45	
915	18.940936	1.733402	558	827	109	107	576	
916	28.144271	8.652782	710	164	570	605	320	867	
917	12.156586	18.039213	572	481	541	261	59	851	
918	21.173821	28.713102	13	518	494	718	81	395	
919	4.553680	28.424923	970	383	470	328	529	52	
920	0.691274	27.335519	973	421	75	888	400	566	
921	22.045028	26.563132	971	825	240	13	791	
922	19.926302	5.170324	457	388	693	669	731	702	
923	6.527020	5.524341	663	35	832	127	607	242	
924	27.055657	15.472866	552	469	587	384	575	259	
925	10.157868	6.026574	238	206	156	705	484	8	
926	10.656876	15.929974	216	727	371	408	623	18	
927	7.413960	8.628781	432	348	476	66	895	640	622	
928	19.017147	26.744963	777	909	877	463	95	627	
929	21.981783	22.807928	490	415	681	944	239	677	
930	19.720754	12.700498	527	885	787	80	672	204	
931	25.408110	9.677676	522	479	46	387	67	291	765	
932	17.495301	18.700920	907	248	306	512	491	820	
933	24.379896	13.591707	950	748	955	766	641	465	
934	10.165916	1.554786	762	119	428	128	645	826	
935	15.119166	14.679530	280	143	887	879	299	43	
936	9.197010	21.132553	900	636	584	98	307	286	403	
937	29.006150	4.737566	858	673	756	699	972	596	
938	16.044448	30.363874	686	800	41	295	252	
939	24.507652	0.806381	988	530	329	319	219	
940	7.399730	30.523885	798	16	7	856	443	577	993	
941	21.369091	18.412362	438	34	292	482	47	
942	7.731769	3.031834	872	795	110	772	644	883	
943	26.337820	1.648337	742	289	325	988	891	88	
944	22.187331	23.760564	199	244	239	792	929	681	
945	4.280933	19.475678	968	386	503	739	466	364	
946	25.257744	21.146767	633	886	202	24	625	
947	16.708685	21.452101	372	150	381	247	313	
948	31.016726	20.256760	123	897	729	910	769	612	
949	5.684194	9.158747	66	476	538	274	734	352	
950	25.341703	13.143217	258	748	766	978	933	519	
951	18.030991	9.310473	287	425	68	889	822	859	
952	18.622969	10.891612	63	425	315	159	672	889	
953	26.152036	18.218672	114	493	554	367	964	860	
954	12.423798	23.701271	278	126	38	188	655	308	410	
955	24.193480	14.414721	933	766	449	198	27	465	
956	17.325329	1.509988	827	184	203	358	107	846	
957	27.996277	10.445651	320	570	962	516	294	351	
958	1.774828	12.708403	643	563	754	254	583	520	
959	24.499746	7.154653	898	857	147	419	44	
960	10.040232	29.861230	590	263	670	540	132	545	130	
961	13.931414	0.487840	255	548	749	338	658	767	
962	28.164035	11.447445	809	516	966	351	894	957	
963	1.897367	18.360975	437	167	810	197	794	
964	27.367932	18.193216	953	114	778	367	844	606	
965	17.542735	12.763743	975	204	315	159	195	134	
966	27.270850	11.953030	100	351	962	519	327	894	
967	5.154196	14.856855	461	332	617	544	804	712	
968	5.296815	19.089247	717	345	945	364	386	
969	1.280722	3.316439	333	375	499	301	660	246	
970	5.134748	27.468334	802	498	919	383	529	256	
971	22.871173	25.903007	199	629	921	825	363	791	
972	29.661848	5.589911	858	937	699	616	775	582	
973	1.907502	27.055657	920	566	421	581	186	72	694	
974	2.419917	21.435973	124	630	207	806	547	
975	17.910350	13.641275	787	204	389	965	134	650	
976	2.300557	5.016163	660	435	611	310	862	86	301	
977	13.222779	8.394266	647	177	174	189	741	628	
978	26.191565	13.791483	766	259	950	469	327	519	
979	15.673039	18.198908	878	248	533	688	512	23	
980	16.171097	0.162067	295	184	658	358	767	41	
981	20.333445	24.381161	49	417	792	239	337	406	
982	22.424501	6.613113	624	657	746	336	147	509	
983	9.392344	10.051774	399	378	480	459	271	895	
984	20.464206	3.569136	707	234	457	388	194	637	
985	26.547321	20.218813	763	140	24	625	554	367	
986	5.641345	11.236205	58	770	996	734	446	
987	16.850987	6.688217	680	893	220	3	708	
988	25.574921	1.201666	943	88	325	530	939	219	
989	10.403894	8.700216	392	65	768	378	399	
990	7.718645	26.410805	601	497	642	316	297	82	
991	11.949457	29.713551	486	737	263	590	155	668	
992	12.115476	5.759298	266	251	55	484	8	116	
993	7.173943	29.159852	798	122	940	577	884	365	
994	20.437168	7.012983	509	336	736	142	669	702	
995	7.948227	23.102810	900	215	914	99	121	21	
996	6.771227	12.044325	537	158	511	222	446	986	770	
997	10.086512	13.337491	324	654	542	87	20	
998	14.613676	28.586990	864	444	454	686	106	360	
999	22.373114	31.527908	329	92	71	573	500	799	632	
