0	0.995330	
1	0.987321	
2	1.004731	
3	0.926020	
4	1.041568	
5	1.031735	
6	0.923956	
7	1.093755	
8	1.007582	
9	0.956734	
10	0.987973	
11	1.064872	
12	0.943417	
13	1.154295	
14	0.973441	
15	1.075102	
16	0.970870	
17	1.041949	
18	0.957786	
19	0.962734	
20	1.092111	
21	0.919170	
22	0.974920	
23	1.025457	
24	1.088949	
25	1.093022	
26	0.986011	
27	1.109345	
28	1.076242	
29	1.046731	
30	1.030561	
31	1.031269	
32	0.910832	
33	1.001768	
34	1.016882	
35	0.949105	
36	1.120314	
37	0.963138	
38	0.989926	
39	1.015476	
40	1.074279	
41	0.970822	
42	0.983516	
43	0.993989	
44	1.014989	
45	1.002620	
46	0.979242	
47	1.029085	
48	1.009793	
49	1.002069	
50	1.007448	
51	1.042628	
52	1.024138	
53	1.017488	
54	0.988428	
55	1.025791	
56	1.039481	
57	1.003670	
58	1.014510	
59	1.049909	
60	1.044556	
61	0.945827	
62	0.877736	
63	0.961482	
64	0.991193	
65	1.118825	
66	1.049433	
67	1.031309	
68	0.992220	
69	0.948758	
70	0.972739	
71	1.004406	
72	1.003093	
73	0.960730	
74	0.993017	
75	0.992422	
76	0.995107	
77	0.985818	
78	0.993709	
79	1.025445	
80	1.011106	
81	0.977233	
82	1.000890	
83	0.961986	
84	1.023825	
85	1.070665	
86	0.928735	
87	0.924710	
88	1.013828	
89	0.972490	
90	0.997146	
91	0.999197	
92	1.019936	
93	1.018937	
94	1.019010	
95	1.061130	
96	1.075378	
97	1.046559	
98	1.102360	
99	0.987963	
100	0.988447	
101	1.072327	
102	1.022740	
103	0.999404	
104	0.917614	
105	1.013229	
106	1.097975	
107	0.980644	
108	1.036612	
109	1.016295	
110	0.949981	
111	1.048090	
112	0.988776	
113	0.994832	
114	1.135466	
115	1.015907	
116	0.939106	
117	1.006231	
118	1.045709	
119	0.990625	
120	1.013198	
121	0.990394	
122	1.066777	
123	0.986188	
124	1.004181	
125	0.979837	
126	0.960130	
127	1.004299	
128	1.009082	
129	1.016123	
130	1.024602	
131	0.975988	
132	0.855408	
133	1.105963	
134	1.065320	
135	1.118710	
136	1.006846	
137	1.047797	
138	0.996899	
139	1.007232	
140	1.009964	
141	1.073824	
142	1.032236	
143	1.019368	
144	1.010455	
145	0.983746	
146	0.941124	
147	0.993296	
148	0.999636	
149	1.006605	
150	0.978898	
151	0.933258	
152	1.011564	
153	1.010934	
154	1.118149	
155	1.092632	
156	1.019490	
157	1.047136	
158	1.108765	
159	0.869213	
160	0.961338	
161	1.012906	
162	1.003402	
163	0.993067	
164	1.042664	
165	0.927152	
166	1.015522	
167	0.994019	
168	1.027537	
169	0.977113	
170	0.922215	
171	1.046100	
172	0.910090	
173	0.993759	
174	1.044890	
175	0.996986	
176	0.866899	
177	0.970131	
178	0.948762	
179	1.020579	
180	0.998263	
181	1.005900	
182	0.993649	
183	1.032363	
184	1.008034	
185	1.011264	
186	1.021969	
187	1.015847	
188	0.918876	
189	0.973906	
190	0.969605	
191	0.984550	
192	0.994739	
193	0.992809	
194	1.043112	
195	0.972316	
196	1.022905	
197	1.089444	
198	0.959328	
199	1.009270	
200	1.046940	
201	1.025527	
202	0.902758	
203	1.010970	
204	0.960134	
205	1.008895	
206	0.962581	
207	1.093325	
208	0.964568	
209	1.017001	
210	0.982610	
211	1.010669	
212	0.919287	
213	1.004476	
214	1.128135	
215	0.978183	
216	0.910819	
217	0.989808	
218	1.007008	
219	1.112291	
220	1.105399	
221	1.002072	
222	1.086703	
223	1.002946	
224	1.007928	
225	0.983086	
226	1.062782	
227	0.983661	
228	1.083019	
229	0.892596	
230	0.986153	
231	0.998478	
232	0.918653	
233	0.950946	
234	1.012055	
235	1.019471	
236	0.988968	
237	0.962105	
238	0.900712	
239	1.024934	
240	1.009665	
241	0.997209	
242	1.016845	
243	0.993865	
244	0.968287	
245	0.978960	
246	0.897030	
247	0.973177	
248	1.003319	
249	0.999992	
250	1.093694	
251	1.012623	
252	0.980981	
253	0.993137	
254	1.022369	
255	1.012470	
256	0.997709	
257	0.924702	
258	0.977882	
259	1.019644	
260	1.000255	
261	0.965159	
262	0.999668	
263	0.942428	
264	1.017073	
265	0.941919	
266	0.981577	
267	0.998967	
268	0.978581	
269	0.996133	
270	1.018419	
271	1.037199	
272	0.957745	
273	1.027039	
274	0.963325	
275	1.005196	
276	1.041596	
277	0.981232	
278	0.962577	
279	0.997979	
280	0.997875	
281	1.045059	
282	1.051381	
283	0.941829	
284	1.017211	
285	0.990010	
286	0.965542	
287	1.001433	
288	1.071588	
289	1.038987	
290	1.018964	
291	0.939256	
292	1.044516	
293	0.912391	
294	0.888862	
295	0.948434	
296	1.006745	
297	1.057384	
298	0.970117	
299	1.048726	
300	1.037683	
301	1.026216	
302	0.958448	
303	1.012750	
304	1.041613	
305	1.028417	
306	0.980206	
307	0.951048	
308	1.024784	
309	0.956282	
310	0.880382	
311	1.017688	
312	1.087719	
313	1.081584	
314	1.064563	
315	0.980286	
316	1.020473	
317	0.994042	
318	0.931197	
319	0.904353	
320	1.011741	
321	1.022404	
322	1.096997	
323	1.012752	
324	1.037973	
325	1.072715	
326	1.080400	
327	1.023495	
328	0.986113	
329	1.098920	
330	1.047446	
331	1.018365	
332	1.019310	
333	1.026607	
334	0.981771	
335	1.002363	
336	1.071747	
337	1.074595	
338	1.018171	
339	1.016333	
340	0.962851	
341	1.039182	
342	0.999483	
343	0.995115	
344	1.037384	
345	1.026831	
346	0.998499	
347	0.962511	
348	1.019122	
349	1.042801	
350	1.012977	
351	1.043199	
352	1.085604	
353	1.048489	
354	0.905001	
355	1.003353	
356	1.019796	
357	1.063660	
358	0.969512	
359	0.924805	
360	0.900891	
361	0.962178	
362	0.976005	
363	1.022484	
364	0.971688	
365	0.973024	
366	0.915240	
367	0.941002	
368	0.983403	
369	1.107134	
370	1.023248	
371	1.047187	
372	0.989418	
373	1.046719	
374	1.027934	
375	0.996265	
376	1.017257	
377	0.996411	
378	0.991516	
379	1.030644	
380	0.925830	
381	1.031275	
382	0.876821	
383	1.042748	
384	0.914342	
385	1.061992	
386	0.961846	
387	1.024656	
388	1.001062	
389	0.998135	
390	1.069337	
391	0.979308	
392	1.015491	
393	0.961969	
394	1.033643	
395	1.001124	
396	1.049846	
397	0.949901	
398	0.986750	
399	0.973837	
400	1.060706	
401	1.007901	
402	1.002274	
403	0.962148	
404	1.001059	
405	0.997047	
406	1.045529	
407	1.099572	
408	1.052910	
409	1.034699	
410	0.987932	
411	1.000810	
412	0.951555	
413	0.950174	
414	1.000770	
415	1.036982	
416	0.984291	
417	0.947795	
418	0.992269	
419	1.081987	
420	0.914148	
421	0.908476	
422	1.124829	
423	0.896939	
424	0.977034	
425	0.956940	
426	0.998410	
427	0.942443	
428	0.984225	
429	0.991792	
430	1.047556	
431	1.025987	
432	0.918292	
433	1.077739	
434	0.896038	
435	1.040333	
436	0.985705	
437	1.003320	
438	1.069056	
439	0.971793	
440	1.003827	
441	0.957154	
442	0.964249	
443	0.993880	
444	0.952800	
445	0.918224	
446	0.948779	
447	0.987481	
448	0.936806	
449	1.047122	
450	0.923075	
451	1.072001	
452	1.039901	
453	0.975198	
454	0.983647	
455	1.048462	
456	0.935739	
457	1.008690	
458	1.034955	
459	1.060818	
460	0.989528	
461	0.993310	
462	0.987239	
463	1.048044	
464	0.985746	
465	1.017589	
466	1.029509	
467	0.920153	
468	1.033778	
469	1.008466	
470	1.025510	
471	0.920161	
472	0.965637	
473	0.909461	
474	0.982543	
475	0.954660	
476	1.027930	
477	0.954717	
478	0.970411	
479	0.961056	
480	0.942262	
481	0.937733	
482	1.061062	
483	0.997661	
484	0.966817	
485	1.032479	
486	0.987726	
487	0.916442	
488	1.016758	
489	1.098927	
490	1.024021	
491	0.995311	
492	1.017241	
493	1.001718	
494	1.006576	
495	1.012632	
496	0.906262	
497	1.010271	
498	1.005894	
499	0.945344	
500	0.914718	
501	0.987937	
502	0.926031	
503	0.994338	
504	0.948714	
505	0.954576	
506	1.037047	
507	0.948291	
508	1.016798	
509	0.974588	
510	0.871323	
511	0.975110	
512	1.009109	
513	1.017796	
514	1.097280	
515	0.931248	
516	1.016602	
517	0.999976	
518	1.026127	
519	0.992698	
520	0.962184	
521	1.026595	
522	1.072364	
523	0.974908	
524	1.009529	
525	1.006216	
526	1.014902	
527	1.038132	
528	1.129215	
529	0.969728	
530	0.955680	
531	0.988206	
532	1.017780	
533	1.022006	
534	1.055507	
535	0.991327	
536	0.985870	
537	0.965311	
538	1.070092	
539	0.963984	
540	0.978049	
541	0.961653	
542	1.164345	
543	0.985131	
544	1.044605	
545	1.000141	
546	1.105467	
547	1.036885	
548	1.010269	
549	0.985128	
550	1.059425	
551	0.995415	
552	0.985252	
553	1.040628	
554	1.041581	
555	0.975199	
556	0.986337	
557	1.060021	
558	0.998043	
559	0.987686	
560	0.826824	
561	0.981501	
562	0.994931	
563	1.023158	
564	1.009038	
565	0.987628	
566	0.988659	
567	1.066316	
568	0.929777	
569	1.007143	
570	1.056688	
571	1.036774	
572	1.066053	
573	1.027493	
574	0.913433	
575	0.949470	
576	1.008456	
577	1.022323	
578	0.980903	
579	1.007693	
580	0.966596	
581	0.971598	
582	0.993643	
583	1.027054	
584	0.966715	
585	0.970127	
586	1.029975	
587	0.984674	
588	1.054910	
589	0.959510	
590	1.187448	
591	1.029392	
592	0.892112	
593	0.897616	
594	0.975252	
595	0.978478	
596	0.999470	
597	0.983542	
598	0.933418	
599	0.950529	
600	0.932518	
601	0.987631	
602	1.006272	
603	1.018927	
604	0.985241	
605	0.994927	
606	0.951742	
607	0.987666	
608	0.923042	
609	1.063702	
610	0.904533	
611	0.996789	
612	0.965828	
613	0.962592	
614	1.018095	
615	0.963647	
616	0.989071	
617	0.910431	
618	1.098876	
619	0.961421	
620	0.935582	
621	0.949755	
622	0.934423	
623	1.002485	
624	0.997145	
625	0.989616	
626	1.021791	
627	0.932318	
628	0.936960	
629	0.983920	
630	0.998620	
631	0.890929	
632	0.942810	
633	1.004878	
634	0.914792	
635	0.972807	
636	0.896959	
637	1.028842	
638	0.992772	
639	0.977921	
640	0.961383	
641	0.890134	
642	1.028632	
643	1.040045	
644	0.998997	
645	1.076157	
646	0.883160	
647	1.016848	
648	0.981271	
649	1.021105	
650	0.945725	
651	0.992569	
652	1.071786	
653	1.047535	
654	0.993970	
655	1.009628	
656	0.867595	
657	1.048936	
658	1.020073	
659	0.949756	
660	1.033079	
661	0.985541	
662	0.997225	
663	0.979365	
664	0.989060	
665	1.013928	
666	0.938521	
667	1.019297	
668	1.058103	
669	0.992270	
670	0.969105	
671	0.969239	
672	1.104210	
673	0.966393	
674	1.059935	
675	1.000815	
676	1.091392	
677	0.994580	
678	0.939219	
679	1.128117	
680	0.984799	
681	1.024957	
682	1.012867	
683	1.061175	
684	0.977719	
685	0.925142	
686	1.107151	
687	0.917345	
688	0.963225	
689	0.995384	
690	0.905680	
691	1.076741	
692	0.988690	
693	0.945842	
694	0.904708	
695	0.998044	
696	1.002369	
697	0.993141	
698	1.012982	
699	0.990877	
700	0.999321	
701	0.984899	
702	0.995047	
703	1.057583	
704	1.115725	
705	0.984799	
706	1.015821	
707	1.012836	
708	1.058606	
709	0.991239	
710	1.016317	
711	0.936561	
712	1.034914	
713	1.037558	
714	0.997980	
715	1.003562	
716	0.984502	
717	1.078423	
718	0.998381	
719	0.950998	
720	1.006503	
721	0.978476	
722	0.955734	
723	0.924098	
724	1.000568	
725	1.041222	
726	0.927063	
727	0.972373	
728	1.043861	
729	1.016794	
730	1.006164	
731	1.102347	
732	0.978850	
733	1.009650	
734	1.061392	
735	0.893872	
736	1.039651	
737	1.040796	
738	1.115751	
739	1.011299	
740	0.946221	
741	0.981684	
742	0.983747	
743	0.890524	
744	0.934837	
745	0.982617	
746	0.956669	
747	0.973732	
748	0.974407	
749	1.013327	
750	1.015502	
751	1.018034	
752	1.060545	
753	0.994226	
754	0.960745	
755	1.086542	
756	0.999691	
757	1.000121	
758	1.038205	
759	1.026183	
760	1.016131	
761	0.936718	
762	1.070654	
763	0.948200	
764	1.102617	
765	0.881665	
766	1.005617	
767	0.966205	
768	1.061920	
769	0.984938	
770	1.036782	
771	1.001058	
772	1.027016	
773	1.087480	
774	1.121932	
775	1.007724	
776	1.001602	
777	1.037453	
778	1.078741	
779	0.964372	
780	0.951986	
781	0.954165	
782	1.083550	
783	1.087412	
784	0.955492	
785	1.047770	
786	0.990359	
787	1.009323	
788	0.919174	
789	0.980928	
790	1.048795	
791	0.946314	
792	1.035337	
793	1.003329	
794	1.058784	
795	0.971009	
796	0.981645	
797	1.021210	
798	1.009828	
799	1.087153	
800	0.991686	
801	1.003492	
802	0.981668	
803	0.993097	
804	1.001361	
805	0.897441	
806	0.974310	
807	0.880942	
808	1.058368	
809	0.984830	
810	0.990630	
811	1.084223	
812	1.031358	
813	1.026277	
814	0.893986	
815	0.963156	
816	0.997574	
817	0.970364	
818	1.030934	
819	0.980187	
820	1.070658	
821	1.037796	
822	1.023493	
823	1.069976	
824	1.008588	
825	0.970046	
826	1.093895	
827	1.068570	
828	1.015862	
829	0.998861	
830	1.052636	
831	0.955057	
832	1.021475	
833	0.968440	
834	1.030003	
835	1.055457	
836	0.991491	
837	1.060576	
838	0.956882	
839	0.991617	
840	1.000901	
841	0.971702	
842	1.023162	
843	1.116315	
844	0.964442	
845	1.004003	
846	0.973199	
847	0.969838	
848	1.039213	
849	0.978552	
850	1.014909	
851	0.955807	
852	0.913483	
853	1.062404	
854	1.006430	
855	1.117397	
856	1.059341	
857	0.995262	
858	1.018414	
859	0.972986	
860	1.022403	
861	1.036725	
862	0.970315	
863	0.921332	
864	0.945991	
865	1.025652	
866	1.016485	
867	1.004042	
868	0.951166	
869	0.983250	
870	1.046683	
871	1.087089	
872	0.886064	
873	0.978367	
874	1.062384	
875	1.083873	
876	0.974889	
877	1.020275	
878	1.013722	
879	1.027905	
880	1.001927	
881	0.991788	
882	1.044124	
883	1.018032	
884	1.047894	
885	1.029796	
886	0.999866	
887	1.000491	
888	0.939846	
889	1.014220	
890	0.974567	
891	0.985723	
892	0.937166	
893	1.021306	
894	0.948366	
895	1.024384	
896	1.038653	
897	1.020016	
898	1.064409	
899	0.966280	
900	1.012667	
901	0.971338	
902	0.978873	
903	1.104266	
904	0.964282	
905	1.021347	
906	1.022328	
907	0.880799	
908	0.930032	
909	1.013774	
910	0.984216	
911	0.904201	
912	0.964579	
913	0.925456	
914	0.972904	
915	0.915816	
916	0.961299	
917	1.004879	
918	1.070193	
919	1.013578	
920	0.951771	
921	0.991508	
922	0.971507	
923	1.009444	
924	0.966063	
925	0.994922	
926	0.975158	
927	1.063092	
928	0.937985	
929	0.992046	
930	1.025536	
931	1.095488	
932	0.993798	
933	0.997410	
934	0.978997	
935	0.992687	
936	1.149875	
937	1.055223	
938	0.928615	
939	0.871333	
940	1.050679	
941	0.900394	
942	1.017430	
943	1.002466	
944	0.997762	
945	0.993393	
946	0.939276	
947	0.918642	
948	1.006121	
949	0.956611	
950	1.024470	
951	1.014539	
952	1.009927	
953	1.024310	
954	1.077771	
955	0.977816	
956	1.024631	
957	1.014137	
958	1.027528	
959	0.916133	
960	1.043034	
961	1.022976	
962	1.046008	
963	0.925402	
964	1.038293	
965	1.037290	
966	0.994902	
967	0.992064	
968	0.906265	
969	0.988632	
970	0.987172	
971	0.973360	
972	1.019791	
973	1.071599	
974	0.931687	
975	0.981152	
976	1.043917	
977	1.008248	
978	0.984190	
979	0.975690	
980	1.053288	
981	1.008130	
982	0.980114	
983	1.032618	
984	0.989066	
985	0.981726	
986	0.869422	
987	0.985914	
988	1.042877	
989	0.931030	
990	0.968282	
991	0.941302	
992	0.968067	
993	0.952132	
994	0.978481	
995	0.973239	
996	1.055800	
997	0.895639	
998	1.083590	
999	1.082205	
