0	25.350288	3.507424	0.501181	0.667469	0.674398	0.608678	0.769301	0.519664	
1	11.645720	2.706119	0.352700	0.761197	0.445146	0.711687	0.819155	0.653399	
2	12.625394	16.163192	0.775737	0.630796	0.567761	0.906275	0.988478	
3	16.076229	6.763321	1.200287	0.007835	0.976359	0.573075	0.199509	0.912542	
4	30.132264	10.410376	0.321309	0.821414	0.619864	0.559700	0.890296	0.666022	
5	29.895382	28.381442	0.610087	0.482653	0.771371	0.672338	0.559851	0.705563	
6	4.648137	3.245446	0.091420	1.058713	0.932153	0.567939	0.282538	0.838039	
7	6.107623	30.976132	0.769063	0.756014	0.513574	0.845653	0.172581	0.591339	0.274630	
8	11.278153	6.257072	0.726238	0.847428	0.563167	0.706783	0.791336	0.173015	
9	30.116742	17.297659	0.620514	0.790359	1.005024	0.494759	0.774607	0.099929	
10	2.994519	3.279914	0.672274	0.891866	0.330678	1.033754	0.625487	0.276749	
11	27.499957	5.980658	0.738906	0.676796	0.568603	0.662391	0.635997	0.566434	
12	29.053426	25.570968	0.850447	0.836445	0.726499	0.892697	0.450144	
13	21.792046	27.776656	0.181177	0.630809	0.033080	0.716530	0.563858	0.712323	0.391554	0.790825	
14	0.958818	8.990197	0.702610	0.737036	0.478587	0.733713	0.787570	0.292585	
15	31.037755	28.646283	0.731866	0.623380	0.797741	0.482653	0.437558	0.489322	0.298092	
16	8.516947	30.348221	0.895187	1.036980	0.570144	0.526234	0.802152	
17	10.427611	28.140318	0.793983	0.677028	0.242541	1.070387	0.005483	0.634082	0.515462	
18	9.618589	15.651251	0.585035	0.981890	0.607464	0.665129	0.821363	0.096230	
19	29.290597	22.420549	0.034289	0.601066	0.918989	0.845677	1.147088	0.321736	
20	11.170746	14.230249	0.690697	0.360043	0.575738	0.341786	0.867845	0.207118	0.901014	
21	8.988774	22.598427	0.999698	0.881721	0.531206	0.553145	0.749512	
22	3.889602	8.403753	0.318981	0.751699	0.745858	0.320618	0.737595	0.909392	
23	15.068253	17.439961	0.591402	0.663190	0.343268	0.932212	0.855982	0.460754	
24	26.433953	21.127493	0.647727	0.534549	0.580162	0.614184	0.386395	0.190940	0.963539	
25	27.647635	27.943625	0.371602	0.564428	0.533066	0.035917	0.710823	0.812675	0.943011	
26	5.277051	25.515628	0.435139	0.734645	0.465610	0.465732	0.730395	0.929855	
27	25.061050	15.249878	0.726037	0.769756	0.631773	0.515510	0.156006	0.467247	0.655059	
28	12.174769	14.945715	0.611147	0.993549	0.354361	0.567761	0.360043	0.871923	0.178039	
29	5.977922	3.492688	0.887873	0.091420	0.714844	0.034786	0.765963	0.747222	0.651477	
30	11.566031	26.377349	0.804036	0.522872	0.343485	0.627989	0.838484	0.691283	
31	0.664078	16.688920	0.795282	0.675122	0.356691	0.891460	0.823019	0.319017	
32	22.608261	8.357742	1.047474	0.396770	0.018888	0.886735	1.023994	0.413646	
33	13.989031	18.039213	0.343268	1.067568	0.830037	0.687166	0.031245	0.813186	0.120695	
34	20.491559	18.040794	0.614598	0.745071	0.583814	0.544011	0.472356	0.819168	
35	5.450818	5.184396	0.788821	0.489757	0.485815	0.795295	0.545950	0.555054	
36	28.381442	21.543965	0.615794	0.376929	0.664393	0.659374	0.701643	0.321736	0.575170	
37	10.739885	25.958347	0.352867	0.714642	0.493088	0.814879	0.804036	0.535476	
38	12.373360	24.999386	0.879618	0.497283	0.910689	0.645461	0.596862	0.254665	
39	31.504191	16.040653	0.621063	0.684515	0.866723	0.306941	0.823019	0.508877	
40	18.533777	17.163420	0.268771	0.759557	0.419462	0.755043	0.466651	0.549655	0.640115	
41	15.265895	30.911264	0.443748	0.961601	1.045579	0.721167	0.637723	0.024716	
42	20.609544	0.849355	0.707672	0.513331	0.792526	0.482478	0.490965	0.732268	
43	14.364646	13.700568	0.760584	0.620110	0.725586	0.809013	0.393463	0.446697	
44	24.231917	6.125948	0.579950	0.582316	0.479864	0.651695	0.806795	0.674393	
45	6.407723	23.561024	0.588753	0.905065	0.616287	0.769623	0.078137	0.882480	
46	25.436571	11.036349	0.849835	0.807600	0.610625	0.442011	0.189439	0.878949	
47	22.222748	17.980711	0.522677	0.867882	0.856820	0.255537	0.731446	0.619843	
48	12.447515	11.392105	0.604089	1.020624	0.439837	0.277825	0.908990	0.606687	
49	19.910491	25.290316	0.492754	1.092419	0.135524	0.801739	0.967317	0.411664	
50	26.076932	4.190018	0.766936	0.761596	0.166894	0.876958	0.591381	0.667469	
51	25.202942	4.550850	0.674398	0.876958	0.451532	0.467552	0.426574	1.032143	
52	3.431071	28.132413	0.796573	0.508467	0.735267	0.453739	0.508087	0.800662	
53	0.495553	23.557071	0.557938	0.888938	0.573828	0.799666	0.807295	0.214994	
54	25.484005	16.392457	0.655059	1.060869	0.433302	0.493216	0.334612	0.852856	
55	12.732215	4.980587	0.576515	0.840300	0.863362	0.658385	0.712241	0.191835	
56	3.162278	0.616644	0.658276	0.592913	0.715802	0.991270	0.418621	0.487598	
57	20.527135	21.325610	1.082344	0.396330	0.805615	0.083884	1.094189	0.484560	
58	4.873860	11.301190	1.161940	0.210549	0.755002	0.084326	1.006263	0.111524	0.648274	
59	13.222273	18.866939	0.217612	0.815722	0.687166	0.632891	0.756102	0.801467	
60	17.333709	27.570602	0.554660	0.880286	0.500355	0.678729	0.589956	0.627216	
61	16.866798	26.729152	0.473055	0.949460	0.272588	0.880286	0.369551	0.790489	
62	22.654557	28.512518	0.257226	0.678575	0.716530	1.115574	0.963614	
63	19.451960	10.463186	0.706624	0.540330	0.788320	0.389545	0.779932	0.486593	
64	8.814849	7.198135	0.884749	0.510635	0.758336	0.461894	0.674350	0.461956	
65	9.862828	7.726377	0.577863	0.510635	0.515596	0.431711	0.632828	0.751538	0.480896	
66	6.217828	8.312837	0.845313	0.572743	0.788278	0.493815	0.495719	0.655297	
67	24.630190	10.542243	0.659743	0.878949	0.633606	0.553330	0.402587	0.695321	
68	16.954820	9.990094	0.360573	0.792954	0.585825	0.464631	0.629798	0.942081	
69	28.048992	2.539941	0.703451	0.819423	0.669860	0.749445	0.787448	
70	13.317142	2.288698	0.665392	0.787667	0.597482	0.251827	0.921980	0.517733	
71	21.764376	0.976353	0.362925	0.920746	0.753106	0.513331	0.497143	0.747598	
72	2.525869	26.053215	0.744165	0.853417	0.568463	0.277578	0.814752	0.537004	
73	18.206814	20.187190	0.987629	0.996618	0.560660	0.479915	0.796732	
74	16.281777	27.855713	0.272588	0.678729	0.701058	0.805775	0.617024	0.675364	
75	0.786617	28.626519	0.738895	0.776316	0.298092	1.094664	0.215934	0.729087	
76	31.207728	13.463397	0.743900	0.894804	0.714214	0.887546	0.590461	
77	7.125260	24.777252	0.721307	0.868366	0.797501	0.450716	0.906688	0.078137	
78	20.336924	14.833786	0.760250	0.881204	0.606051	0.982053	0.610119	
79	16.874704	28.650236	0.830843	0.807437	0.805775	0.500355	0.635116	0.259165	
80	19.812460	13.865813	0.465400	0.643496	0.871624	0.654487	0.606051	0.530190	
81	22.254529	29.156200	0.033080	1.115574	0.495727	0.676920	0.745709	0.804265	
82	8.925718	26.090720	0.804645	0.318817	0.841546	0.447324	1.068779	0.381537	
83	18.744401	24.756681	0.068235	0.978797	1.163374	0.149961	1.105580	0.492754	
84	25.020510	22.656913	0.912016	0.935031	0.785119	0.229925	0.264284	0.760635	
85	9.853025	17.845998	0.587843	0.770543	0.534193	0.917196	0.484597	0.220354	0.383640	
86	1.173692	5.337355	0.624088	0.923305	0.838052	0.664298	0.657431	
87	9.783297	14.036560	1.055485	0.360645	1.155100	0.341786	0.980602	
88	26.167848	0.351803	0.756725	0.877030	0.852601	0.337994	0.209305	0.821144	
89	1.325152	10.763033	0.500609	0.817156	0.144701	0.620347	0.829691	0.866023	
90	28.065214	28.851831	0.943011	0.886129	0.771644	0.600727	0.649849	
91	3.599984	9.234167	0.909392	0.531011	0.653639	0.811370	0.194999	0.708700	
92	22.681595	0.904334	0.388510	0.555557	0.754000	0.920746	0.543395	0.653089	
93	30.530169	22.827186	0.301741	0.730204	0.403005	1.134163	0.727470	0.601066	
94	30.733386	22.045028	0.504845	0.626557	0.034289	1.134163	0.705255	0.940360	
95	20.205847	26.638395	0.374409	0.756422	0.564106	0.135524	0.360931	0.929035	0.772472	
96	13.786313	12.638991	0.454714	0.700948	0.757842	0.424767	0.446697	0.819297	0.267253	
97	30.678046	15.356811	0.937747	0.147112	0.889428	0.330604	0.374160	0.518170	0.684515	
98	8.182393	20.353210	0.710097	0.404038	0.535902	0.401113	0.450035	0.927868	0.489434	
99	7.391824	23.819856	0.882430	0.153454	0.868366	0.882480	0.372278	0.668464	
100	26.228721	11.593068	0.316537	0.719658	0.627079	0.587838	0.679541	0.807600	
101	18.700920	23.266458	0.517809	0.719553	0.582568	0.605997	0.766483	0.691535	
102	4.359990	4.790851	0.659277	0.787795	0.838935	0.637909	0.489757	0.390598	
103	14.810638	11.956888	0.663260	0.572879	0.454714	0.856142	0.379455	0.868522	
104	8.810896	28.713481	0.499200	0.834186	0.528366	0.918392	0.949928	
105	1.255266	24.143215	0.625288	0.659092	0.717193	0.668139	0.888938	0.244036	
106	13.902163	27.634354	0.822942	0.415923	0.651718	0.186204	0.496236	0.713640	0.622119	
107	18.142619	2.161527	0.852442	0.430845	0.763330	0.778299	0.615100	0.326612	
108	18.987169	30.784001	0.995635	0.198928	0.325096	0.894440	0.196357	0.970701	0.351955	
109	19.268691	2.551025	0.904474	0.430845	0.888455	0.421385	0.367172	0.845224	
110	6.946876	3.666977	0.688662	0.640402	0.747222	0.390706	0.753226	0.443231	
111	15.416104	16.364787	0.912414	0.108585	0.294766	0.663190	0.257717	0.781416	0.883365	
112	15.018922	24.902937	0.631987	0.826090	0.621611	0.560582	0.940750	0.206992	
113	9.016444	27.875478	0.242541	1.033627	0.524131	0.949928	0.359872	0.777409	
114	26.430080	17.178441	0.776906	0.641418	0.355978	0.388301	0.492578	0.825238	0.493216	
115	29.056272	19.534812	0.654752	0.616299	0.483662	0.746139	0.710422	0.556883	
116	11.633229	4.672265	0.658385	1.163248	0.474955	1.015838	0.015731	0.509955	
117	30.053496	18.969713	0.409993	0.947351	0.556883	0.411787	0.686156	0.788990	
118	16.709317	24.161019	0.820400	0.828945	0.467822	0.606566	0.681866	0.459105	
119	9.819615	0.689377	0.856794	0.839903	0.837080	0.494491	0.814174	
120	24.478733	17.996048	0.490895	0.676681	0.560878	0.822082	0.732175	0.495765	
121	8.721325	23.672811	0.553145	0.866446	0.806179	0.153454	0.632137	0.771918	
122	7.938424	28.346657	0.435868	0.595630	0.414086	0.834186	0.173892	0.923237	0.524131	
123	30.895453	19.195025	0.508028	0.584747	0.335383	0.947351	0.721778	0.663806	
124	3.353169	20.957837	0.698279	0.650831	0.655810	0.539928	0.626904	0.563361	
125	17.522971	29.440805	0.685144	0.807437	0.938949	0.194780	0.461857	0.693327	
126	13.672803	23.629914	0.816912	0.391249	0.749561	0.588825	0.668324	0.476559	
127	5.731628	6.249451	0.706807	0.607097	0.513736	0.650133	0.719566	0.545950	
128	9.407776	2.308874	0.743323	0.717608	0.604382	0.448369	0.552543	0.694945	
129	15.902920	11.613054	0.499777	0.663260	0.663509	0.615603	0.760441	0.568794	
130	9.898340	31.219384	0.194896	1.119281	0.208579	0.856794	0.135389	0.459716	1.008600	
131	31.124718	0.419002	0.816231	0.686828	0.378493	0.216004	0.875069	0.794887	
132	10.510620	30.559461	1.180274	0.964493	1.008600	0.635415	
133	1.336062	7.154653	0.605618	0.663706	0.626894	0.382678	0.563258	0.665852	0.373816	
134	16.605911	13.412010	0.605210	0.542307	0.223644	0.633311	0.548860	0.410419	0.891243	
135	19.210837	14.767837	0.499229	0.610119	0.458395	0.654487	0.737661	0.539781	0.408890	
136	27.579299	26.865857	0.392110	0.732344	0.630586	0.710823	0.476429	0.849643	
137	25.247546	30.181569	0.693415	0.532098	0.879360	0.721077	0.513569	0.511146	
138	27.554348	30.404509	0.694107	0.530723	0.704162	0.858808	0.357882	0.622646	
139	31.223438	31.032854	0.686828	0.608588	0.465995	0.689379	0.668663	0.631176	
140	27.515768	20.914514	0.815599	0.664393	0.732835	0.647727	0.421795	0.489151	
141	30.209393	14.054775	0.590461	0.872917	0.964084	0.662304	0.147112	0.444032	0.256488	
142	19.594263	7.277191	1.068299	0.092806	0.668629	0.734402	0.883192	0.477533	
143	15.416104	13.680899	0.626401	0.548860	0.673221	0.683348	0.620027	0.620110	
144	8.548285	6.046844	0.552527	0.681758	0.461956	0.676403	0.826915	0.575259	
145	25.321938	24.946418	0.257892	0.700797	0.571434	0.928958	0.459126	0.864625	
146	24.310010	16.103899	0.631773	0.334612	0.584642	0.383373	0.900951	0.870866	
147	23.538098	6.923728	0.608619	0.651695	0.737795	0.424522	0.886266	0.451400	
148	23.665695	17.139545	0.682300	0.490895	0.849166	0.730960	0.383373	0.627757	
149	13.206462	11.807154	0.815043	0.451706	0.203820	0.546978	0.819297	1.020624	
150	17.096064	20.558758	0.479915	0.694717	0.713748	0.808762	0.832106	0.220372	
151	3.980517	11.324907	0.691106	0.936338	0.717910	1.006263	0.432989	
152	7.798967	6.810756	0.662494	0.681758	0.674350	0.709629	0.352279	0.684830	
153	11.415822	21.922490	0.438388	0.870588	0.487334	0.631238	0.731791	0.619180	
154	20.788118	20.175015	0.854454	0.457539	0.396330	0.683863	0.400429	0.522694	0.609661	
155	12.356600	30.855924	0.864158	0.251512	0.826308	0.655676	0.417866	0.438308	0.457445	
156	10.641064	6.996539	0.447648	0.737692	0.608380	0.453348	0.751538	0.791336	
157	13.021263	4.012614	0.503122	0.785762	0.586541	0.471877	0.840300	0.659115	
158	7.518125	11.328275	0.857017	0.474845	0.715788	0.802052	0.559519	0.556319	
159	18.321446	11.905975	0.477224	0.735796	0.494335	0.958457	0.975545	
160	6.541962	0.901249	0.590646	1.098501	0.342058	0.284251	0.508263	1.017677	
161	30.480404	12.716309	0.442553	0.123744	0.256488	0.887546	0.948269	1.091028	0.179118	
162	14.074159	24.704346	0.720727	0.476559	0.703044	0.427607	0.826090	0.609946	
163	7.123030	13.799389	0.850203	0.404546	0.658675	0.683400	0.708580	0.443939	
164	29.411111	8.408955	0.293198	0.821358	0.506016	0.477396	0.814975	0.981696	
165	29.384121	23.375715	0.289809	0.918989	0.305932	0.970648	0.301741	0.984370	
166	4.529378	12.346323	0.432989	0.832129	0.494293	0.365969	0.967626	0.755002	
167	0.865832	17.972963	0.624190	0.356691	0.437010	0.983343	0.826470	0.565465	
168	27.930817	14.052371	0.700219	1.088658	0.650040	0.769404	0.018195	0.686920	
169	29.723386	27.335519	0.615806	0.640046	0.372497	0.705563	0.644943	0.723076	
170	4.110961	7.439258	0.864987	0.533446	0.848721	0.751699	0.711942	
171	1.375591	14.491137	0.784739	0.866932	0.337305	0.917320	0.774164	0.255304	
172	2.308874	7.684746	0.760997	0.872946	0.857281	0.665852	0.520668	
173	31.448851	6.261310	0.525015	0.548991	0.734583	0.766672	0.762368	0.412274	
174	14.214438	9.048067	0.550280	0.595114	0.666958	0.522891	0.545799	0.969771	
175	10.775461	11.486974	0.621855	0.890703	0.611160	0.246095	0.886979	0.534864	
176	8.937387	19.384762	0.765553	0.404038	0.939588	0.708481	0.786709	
177	13.969947	7.834353	0.561975	0.584859	0.545799	0.198801	1.054169	0.840599	
178	0.549542	21.605677	0.619938	0.841878	0.746726	0.812948	0.726851	
179	29.290597	29.911194	0.554052	0.493753	0.748249	0.323627	0.749344	0.966820	
180	14.260607	22.798757	0.483102	0.947105	0.680231	0.332065	0.777245	0.588825	
181	1.387449	0.229265	0.712620	0.657610	0.497229	0.428761	0.840615	0.634057	
182	30.389488	8.308885	0.588925	0.632048	0.343818	0.724225	0.821358	0.634583	
183	22.515733	12.431230	0.503272	0.675962	0.714968	0.563694	0.839470	0.515665	
184	17.264771	0.529049	0.871002	0.444336	0.767743	0.537656	0.506848	0.647744	
185	19.010348	28.555051	0.691076	0.636452	0.672157	0.524431	0.778130	0.470057	
186	2.990724	27.023971	0.568463	0.665272	0.629069	0.857704	0.563706	0.508467	
187	10.585724	27.128389	0.677028	0.836346	0.522872	0.718801	0.493088	0.540298	
188	13.121428	24.469072	0.720727	0.749561	0.541673	0.879618	0.783753	
189	13.143217	9.435446	0.595114	0.634893	0.340684	0.713415	0.719174	0.696242	
190	29.709599	17.985454	0.369657	0.801592	0.788990	0.462993	1.005024	0.359569	
191	17.592067	23.359429	0.599686	0.393205	0.467822	0.932529	0.605997	0.750128	
192	27.211399	24.638096	0.563537	0.804601	0.642434	0.701936	0.587523	0.435847	
193	8.886000	0.391332	0.194896	0.839903	0.588408	0.748605	0.688001	0.710215	
194	21.387907	2.860233	0.281677	0.611181	0.636073	0.632305	1.007316	0.716503	
195	16.681015	12.328930	0.571313	0.404462	0.749532	0.542307	0.818555	0.615603	
196	11.185593	31.350898	0.417866	0.874101	0.788481	0.635415	0.670857	0.459716	
197	2.430495	19.291949	0.338058	0.648222	0.635686	0.665552	0.489760	0.422681	0.658187	
198	23.909665	15.326927	0.515510	0.870866	0.250285	0.581126	0.773396	0.727044	
199	22.466354	24.927286	0.843245	0.489550	0.678533	0.768265	0.413497	0.588830	
200	27.160012	29.373607	0.035917	0.886129	0.431503	0.261267	0.694107	0.872323	0.732208	
201	9.829466	25.267863	0.923307	0.830873	0.709078	0.381537	0.535476	0.458059	
202	25.689553	21.934348	0.238847	0.890055	0.935031	0.026130	1.041206	0.614184	
203	16.447797	2.138490	0.663034	0.656466	0.545304	0.627630	0.618287	0.639018	
204	18.756259	12.581912	0.499934	0.975545	0.254956	0.802119	0.777122	0.440676	
205	10.611876	22.697406	0.636145	0.601405	0.811342	0.684891	0.415498	0.619180	
206	9.154794	5.316579	0.811926	0.428061	0.826915	0.237687	0.740066	0.695121	
207	1.444236	21.031075	0.784952	0.211771	0.353190	0.726851	0.615004	0.651999	0.555121	
208	8.656735	15.281707	0.616909	0.855488	0.907991	0.821363	0.587526	
209	14.744120	27.037474	0.531798	0.615692	0.822942	1.027143	0.421220	0.429195	
210	18.755785	6.604101	0.238307	0.732311	0.610789	0.979958	0.668629	0.548857	
211	21.709036	8.668594	0.665835	0.886735	0.783811	0.583948	0.398011	0.473315	
212	20.267512	11.039053	0.618621	0.779932	0.751799	0.934443	0.597949	
213	1.142373	1.462553	0.752096	0.428761	0.332705	0.845618	0.771127	0.657751	
214	28.926935	16.902374	0.918194	0.254451	0.684904	0.494759	0.359569	0.578700	0.681364	
215	7.198293	21.902884	0.010323	0.964736	0.004453	1.314999	0.537280	0.411289	0.729163	
216	11.289711	15.165430	0.871923	0.867845	0.687267	0.538655	0.706524	
217	7.055832	20.728730	0.793230	0.450035	0.659687	0.713480	0.713136	0.411289	
218	20.487606	16.902374	0.614598	0.796245	0.417277	0.883772	0.308091	0.786893	
219	24.639408	1.795699	0.704829	0.749419	0.411277	0.223294	0.911572	0.382175	0.590484	
220	16.922138	7.889883	0.574773	0.697867	0.856621	0.495090	0.436746	0.199509	0.660222	
221	11.909928	3.917271	0.191835	1.163248	0.676468	0.352700	0.659115	0.857499	
222	6.249356	13.244884	0.529164	0.683400	0.334619	0.696243	0.600592	0.512768	0.498011	
223	19.515206	29.575202	0.854653	0.425585	0.351955	0.912121	0.739535	0.524431	
224	3.193900	14.012843	0.735018	0.692416	0.516297	0.562026	0.539194	0.711820	
225	26.784492	27.563203	0.630586	0.812675	0.486116	0.660110	0.690523	0.440656	
226	31.350898	25.519960	0.720824	0.425858	0.129400	0.764259	0.921849	0.224524	0.717634	
227	21.693225	9.807014	0.583948	0.873918	0.462284	0.571176	0.393360	0.867642	
228	9.233851	4.261169	0.523022	0.793876	0.695121	0.512273	0.463929	0.522188	0.347945	
229	24.720505	16.835081	0.900951	0.852856	0.495765	0.682300	0.708334	
230	20.740589	30.662235	0.549739	0.456954	0.531676	0.913323	0.555165	0.743245	
231	17.753027	5.030725	0.328971	0.784759	0.717882	0.666756	0.699632	0.561170	
232	3.201806	16.997242	0.506896	0.867797	0.830866	0.521150	0.999903	
233	27.756702	23.881047	0.248222	0.985748	0.804601	0.570286	0.440063	0.677967	
234	20.275212	2.682149	0.375819	0.632305	0.818734	0.845224	0.231229	0.945000	
235	15.971400	26.831135	0.886872	0.429195	0.675364	0.949460	0.313934	0.590668	
236	28.843925	15.803483	0.624991	0.619490	0.821229	0.578700	0.629580	0.449573	
237	1.680434	8.321249	0.737036	0.669573	0.326782	0.749245	0.382678	0.857281	
238	10.040232	5.061668	0.723630	0.818028	0.774785	0.811926	0.512273	
239	21.077355	23.653521	0.924611	0.365788	0.734834	0.713313	0.636974	0.452638	
240	21.100456	26.723175	0.582885	0.272975	0.741258	0.929035	0.921281	0.391554	
241	1.735300	28.958558	0.594971	0.776316	1.064179	1.062944	0.343694	0.075627	
242	7.452556	5.817484	0.837030	0.578366	0.662494	0.552527	0.447260	0.701210	
243	31.587201	24.574850	0.244036	0.573828	0.678819	0.741101	0.814797	0.720824	
244	23.104391	24.238858	0.840035	0.139030	0.497492	0.858521	0.843245	0.599784	
245	30.729433	27.665977	0.880058	0.278142	0.623380	0.640046	0.711628	0.610087	
246	2.199364	3.099506	0.473869	1.033754	0.813514	0.648228	0.708496	
247	17.183026	22.238718	0.847846	0.471786	0.914631	0.222049	0.393205	0.951833	
248	16.542665	17.902444	0.282927	0.480096	0.865926	0.764270	0.655353	0.741906	
249	26.666539	5.191401	0.323724	0.863203	0.880691	0.591381	0.478463	0.676796	
250	28.285024	24.933785	0.514710	0.836445	0.737656	0.198782	0.585720	0.587523	0.440063	
251	13.439680	5.771157	0.719590	0.712241	0.822747	0.707157	0.629036	0.208043	
252	17.047380	30.228675	0.479911	0.938949	0.646306	0.815138	0.738868	0.183522	
253	0.942898	15.485516	0.508877	0.901126	0.090260	0.917320	0.319017	0.059206	1.134054	
254	2.061267	13.819533	0.644874	0.562026	0.784739	0.581315	0.659287	0.548992	
255	13.605700	31.108906	0.905419	0.758614	0.376094	0.251512	0.725534	0.813667	
256	4.593208	26.456405	0.465610	0.705647	0.750253	0.483787	0.750474	0.596079	
257	7.090064	17.182394	0.710604	0.796138	0.908552	0.682825	0.617241	
258	25.420760	12.210345	0.679541	0.442011	0.598745	0.480258	0.861287	0.656272	
259	26.078671	15.006636	0.377142	0.617443	0.783845	0.769756	0.677314	0.572058	
260	31.196660	4.286436	0.928909	0.019185	0.469217	0.904467	0.898595	0.646181	
261	11.190510	17.890586	0.387526	0.794023	0.874618	0.220354	0.511193	0.992936	
262	14.328596	30.440717	0.654778	0.721167	0.297924	0.905419	0.379277	0.847489	
263	11.372341	30.334148	0.024776	0.964493	0.542451	0.923203	0.655676	0.670857	
264	12.600902	3.102511	0.484665	0.597482	0.676468	0.761197	0.785762	0.476191	
265	3.187339	11.019763	0.366038	0.886135	0.709261	0.141335	0.936338	0.710005	
266	12.573912	6.496172	0.756698	0.173015	0.857837	1.004747	0.707157	0.320494	
267	14.510902	25.887196	0.877425	0.621611	0.531798	0.483799	0.427607	0.839319	
268	20.509110	9.957016	0.759475	0.789427	0.393360	0.486593	0.618621	0.667774	
269	10.490856	23.756611	0.896883	0.460717	0.601405	0.853033	0.518330	0.451534	
270	7.328578	18.602098	0.781072	0.210677	0.447665	0.845570	0.995206	0.582212	
271	10.143006	10.739885	0.568110	0.886979	0.568781	0.502170	0.702758	0.594997	
272	0.292511	7.099313	0.541572	0.663706	0.857327	0.154949	0.768548	0.734583	
273	4.775039	24.740870	0.910495	0.235098	0.621459	0.667858	0.929855	0.498399	
274	4.726056	8.968219	0.811270	0.745858	0.874296	0.531011	0.814416	
275	8.874142	16.360834	0.665129	0.564760	0.788883	0.781394	0.377159	0.587526	
276	31.112859	10.423658	0.707513	0.503510	0.661447	0.821414	0.237376	0.968837	
277	15.520127	2.816925	0.678638	0.787535	0.469245	0.543661	0.545304	0.682948	
278	13.267383	22.810932	0.176297	0.730228	0.777245	0.746802	0.503596	0.816912	
279	28.758480	27.197612	0.565084	0.723076	0.909786	0.476429	0.371602	0.733458	
280	16.092040	14.526713	0.823871	0.265177	0.410419	0.889816	0.742595	0.673221	
281	22.712427	4.945802	0.591003	1.059042	0.396622	0.560493	0.532376	0.753353	
282	31.464663	8.376083	0.154949	0.698115	0.558209	0.632048	0.586406	0.292585	0.931130	
283	0.067198	9.502644	0.829887	0.707513	0.867210	0.733713	0.586406	
284	29.602872	11.771579	1.077477	1.011958	0.946599	0.488747	0.442553	
285	24.902937	5.353578	0.150514	0.660766	0.341207	0.869439	1.032143	0.806795	
286	10.463186	21.515347	0.738649	0.646008	0.731791	0.274060	0.940001	0.415498	
287	18.819505	8.664641	0.804295	0.553958	0.682048	0.459529	0.785618	0.483671	
288	30.701763	3.474553	0.830538	0.384626	0.208427	0.898595	0.481616	0.445027	0.635260	
289	27.039403	0.746298	0.239854	0.827997	0.754170	0.877030	0.841341	0.347648	
290	25.887196	27.001898	0.748898	0.660110	0.651312	0.323132	0.757377	0.665773	
291	26.472217	9.384059	0.869614	0.575576	0.748389	0.773066	0.750784	
292	20.577415	19.177000	0.533728	0.544011	0.647585	0.639695	0.609171	0.854454	
293	25.752799	28.037544	0.828543	0.635237	0.992268	0.486116	0.757377	
294	29.104813	10.028373	0.504335	0.922962	0.771602	0.559700	0.886759	
295	16.676904	31.105902	1.048226	0.444336	0.811418	0.815138	0.658152	0.024716	
296	24.626237	25.507722	0.599944	0.493068	0.541471	0.928958	0.470098	0.754817	
297	7.447164	27.484146	0.602976	0.740733	0.570042	0.597532	0.923237	0.446916	
298	15.538642	22.942324	0.650778	0.855575	0.332065	0.497336	0.751288	0.641082	
299	16.052512	15.503066	0.494405	0.889816	0.781416	0.435954	0.909417	0.385393	
300	21.922490	16.285730	0.669522	0.766629	0.891490	0.420343	0.265150	0.865169	
301	1.035646	4.427189	0.534781	0.852851	0.923305	0.057932	0.821464	0.019185	0.694988	
302	29.531720	21.677413	0.823827	0.626557	0.575170	1.147088	0.653252	
303	1.608809	23.167637	0.654965	0.366185	0.659092	0.557938	0.728006	0.836624	
304	24.945311	27.945680	0.992268	0.323132	0.720105	0.816086	0.600227	0.343441	0.126220	
305	26.440594	25.345655	0.664761	0.459126	0.672896	0.604290	0.684977	0.701936	
306	17.428103	19.574499	0.375264	0.796732	0.422210	0.694717	0.944083	0.534938	
307	9.388486	20.097824	0.026242	0.525699	0.741694	0.535902	1.070437	0.939588	
308	11.577889	24.151896	0.596862	0.845282	0.470298	0.518330	0.692688	0.679277	
309	2.369684	16.887828	0.112476	0.999903	0.476154	1.002226	0.484114	0.727777	
310	2.940918	5.941129	0.665359	0.901585	0.533704	0.848666	0.688400	
311	18.566807	29.523024	0.778350	0.325096	0.442821	0.672157	0.912121	0.693327	
312	8.344460	13.530596	0.425396	0.603101	0.842172	0.678886	1.013311	0.404546	
313	17.872877	21.262206	0.484297	0.546555	0.471786	0.597053	0.713748	0.560660	0.458394	
314	8.672546	18.436079	0.574066	0.383640	0.612847	0.210677	0.708481	0.484163	0.897787	
315	17.589221	11.576766	0.324299	0.958457	0.571313	0.845963	0.452690	0.615825	
316	8.397428	26.993202	0.804645	0.513804	0.173892	0.740733	0.777409	0.846131	
317	29.767943	2.839963	0.664923	0.667091	0.373787	0.534853	0.635260	0.880027	
318	3.672195	24.642049	0.500374	0.667858	0.910483	0.779733	0.872305	
319	23.681507	1.170043	0.806038	0.657974	0.590484	0.653089	0.971326	
320	28.559320	9.336625	0.506016	0.352202	0.486104	0.922962	1.138867	0.489636	
321	18.128358	22.377225	0.639906	0.597053	0.599686	0.847846	0.691535	0.414912	
322	28.341914	22.677484	0.701643	0.845677	0.248222	0.633689	0.289809	0.822061	0.386758	
323	27.724669	0.014230	0.803050	0.357882	0.606978	0.827997	0.483382	0.716739	
324	11.126790	13.271447	0.901014	0.579773	0.637905	0.722492	0.681874	0.336229	
325	25.786066	2.454623	0.378391	0.836332	0.706697	0.382175	0.260336	0.519664	0.800249	
326	19.635041	19.746843	0.647585	0.457539	0.882738	0.495567	0.783614	0.651875	
327	27.080038	13.222779	0.243926	0.900427	0.619824	0.889919	0.686920	0.503612	
328	3.751252	29.124577	0.618753	0.654498	0.809209	0.373900	0.735267	0.547377	
329	23.547110	0.122538	0.298448	0.474539	0.543395	0.657974	0.527234	0.927573	0.487004	
330	2.647459	29.021613	0.547377	0.453739	0.691578	0.459117	0.014863	0.678562	1.062944	
331	17.374344	24.975906	0.828945	0.031104	0.731651	0.671658	0.899154	0.068235	0.637008	
332	6.229276	14.366069	0.465440	0.709937	0.675822	0.658675	0.600592	0.658183	
333	0.399238	3.636619	0.767558	0.208427	0.928909	0.852851	0.818923	0.312270	
334	24.602931	19.600034	0.836793	0.198846	0.742785	0.794575	0.950127	0.290875	
335	9.079690	17.364857	0.585658	0.781394	0.574066	0.917196	0.695034	0.245748	
336	21.716942	7.577608	0.592593	0.396770	0.776855	0.665835	0.474642	0.924885	0.064446	
337	19.814911	23.354227	0.428643	0.452638	0.517809	0.752092	0.572412	0.617879	0.488691	
338	14.293495	1.557422	0.695706	0.357227	0.979232	0.580504	0.517733	0.693493	
339	4.778992	5.826497	0.788821	0.637909	0.721320	0.615568	0.650133	0.365339	
340	0.553399	31.472568	0.376344	0.774922	0.711898	0.840615	0.378493	0.631176	
341	15.455632	25.946488	0.335171	0.788077	0.421220	0.877425	0.886872	0.560582	
342	31.181215	23.645773	0.457702	0.807295	0.373208	0.665107	0.741101	0.727470	
343	17.254177	17.147451	0.792060	0.268771	0.741906	0.521882	0.901713	0.556995	
344	2.709123	9.858986	0.653639	0.652641	0.782774	0.366038	0.531181	0.847837	
345	5.641424	18.266264	0.530312	0.737204	0.695705	0.471072	0.565957	0.800752	
346	30.515979	26.610567	0.129400	0.965541	0.615806	0.711628	0.551704	0.845958	
347	7.090064	10.279331	0.694929	0.552249	0.559519	0.163398	0.869383	0.908552	
348	8.779178	8.208482	0.515596	0.758336	0.830016	0.664856	0.895029	0.209189	
349	30.278809	31.575342	0.437760	0.608588	0.937338	0.227906	0.816231	0.874175	
350	5.109577	4.119278	0.838039	0.765963	0.555054	0.787795	0.538823	0.315612	
351	27.058661	10.942588	0.796253	0.556054	0.719658	0.395680	0.707666	0.657678	
352	5.142654	8.055902	0.811270	0.354374	0.502661	0.533446	0.318981	0.694823	0.655297	
353	12.530525	26.108555	0.800488	0.645461	0.348773	0.838484	0.774004	0.154558	0.295771	
354	23.768469	5.197994	0.560493	0.720278	0.674393	0.660766	1.083323	
355	26.630331	26.393160	0.630895	0.732344	0.748898	0.440656	0.523130	0.672896	
356	22.594474	17.127686	0.674790	0.766629	0.867882	0.455775	0.627757	0.410970	
357	4.217008	21.613377	0.578184	0.676246	0.613579	0.876917	0.503853	0.626904	
358	16.299960	1.112878	0.876755	0.537656	0.618287	0.736918	0.368437	0.573078	
359	18.339281	15.512521	0.769420	0.539781	0.949279	0.847723	0.603978	
360	13.625464	28.760915	0.496236	0.827123	0.650406	0.949057	0.751159	
361	10.988915	3.367035	0.512725	0.675651	0.857499	0.015731	0.819155	0.898530	
362	20.843363	9.075737	0.783811	0.571176	0.538241	0.789427	0.302649	0.746565	
363	23.776375	26.353631	0.674014	0.556770	0.727814	0.632825	0.493068	0.698265	
364	4.514151	18.388645	0.607876	0.630369	0.495965	0.813876	0.674702	0.471072	
365	6.743557	28.361678	0.570042	0.435868	0.877126	0.591411	0.745216	0.492609	
366	14.743108	7.571220	0.841726	0.873977	1.054169	0.659522	0.320093	
367	26.812162	18.862986	0.929853	0.281371	0.795100	0.819679	0.839147	0.089565	
368	29.727339	12.924861	0.488747	1.091028	0.337629	0.730579	0.721903	0.444032	
369	24.428595	30.791730	0.108581	0.808833	0.474539	0.765477	0.879360	0.537100	0.403761	
370	4.382917	0.904334	0.717885	0.418621	0.590059	0.656492	0.691650	0.716800	
371	10.125376	14.905238	0.980602	0.356669	0.981890	0.494906	0.538655	0.575738	
372	15.890445	20.985665	0.647300	0.723310	0.786279	0.220372	0.723516	0.669327	
373	0.233218	11.044255	0.654507	0.620347	0.674454	0.114323	0.888486	0.968837	
374	22.598427	9.573796	0.747204	0.723376	0.670360	0.398011	0.413646	0.873918	
375	0.683843	2.415190	0.657751	0.628146	0.654597	0.806183	0.695232	0.312270	
376	30.330196	30.361818	0.740084	0.554052	0.736267	0.437760	0.689379	0.621657	
377	13.348765	13.783578	0.393005	0.886973	0.786789	0.424767	0.809013	0.485082	
378	10.421333	9.687511	0.759284	0.336625	0.594997	0.803437	0.532184	0.726809	
379	19.740518	9.372200	0.553958	0.772108	0.642176	0.540330	0.759475	0.538241	
380	28.921401	18.532054	1.028355	0.801592	0.746139	0.758356	0.411787	
381	15.841794	22.032537	0.701137	0.222049	0.484692	0.751288	0.778724	0.172479	0.723516	
382	21.858232	14.645804	0.699573	1.185610	0.678831	1.101650	0.140780	
383	4.143691	27.397974	0.739074	0.750474	0.800662	0.597538	0.380597	0.563706	
384	27.187682	16.562429	0.627350	0.856161	0.786855	0.825238	0.573974	
385	23.194516	11.725488	0.306732	1.031197	0.839470	0.488392	0.497689	0.322317	0.417945	
386	5.269145	20.021170	0.643277	0.948238	0.897189	0.502815	0.607288	0.159241	
387	26.167848	10.325611	0.748389	0.793747	0.849835	0.796253	0.316537	0.341105	
388	19.570546	4.371849	0.499201	0.400214	0.521323	0.986814	0.476118	0.940060	
389	18.200489	14.521416	0.473369	0.737661	0.423569	0.543688	0.769420	0.813239	
390	3.944941	13.404104	0.482606	0.494293	0.834332	0.231785	0.465210	0.735018	0.607172	
391	28.207833	29.854589	0.771644	0.341295	0.858808	0.431503	0.593592	0.748249	
392	11.062122	7.953903	0.652512	0.648492	0.774321	0.431711	0.538324	0.737692	
393	0.456098	29.403174	0.075627	1.094664	0.727423	0.576423	0.844864	0.489322	
394	3.652431	2.529822	0.887156	0.567939	0.346580	0.891866	0.519661	0.636217	
395	19.981168	28.470618	0.614919	0.800003	0.473385	0.665203	0.425585	0.778130	
396	21.319017	10.648369	0.867642	0.485330	0.485798	0.597949	0.746350	0.667774	
397	23.834703	4.413749	0.747186	1.033465	0.396622	1.083323	0.150514	0.426574	
398	25.582826	26.037404	0.523130	0.665773	0.744807	0.541471	0.664761	0.571434	
399	9.442561	8.829237	0.770199	0.830016	0.479184	0.336625	0.848805	0.480896	
400	31.478161	26.557345	0.921849	0.824576	0.965541	0.278142	0.441701	0.511281	
401	5.813531	7.244304	0.608998	0.462909	0.694823	0.690211	0.572743	0.719566	
402	29.800609	9.361449	0.343818	0.855763	0.666022	0.771602	0.352202	0.814975	
403	10.143006	20.455984	0.903006	0.679958	0.541746	0.646008	1.070437	
404	16.758143	16.141119	0.108585	0.909417	0.802773	0.556995	0.730651	0.706715	
405	29.986899	7.291485	0.704985	0.648087	0.293198	0.634583	0.773664	0.698001	
406	20.811266	25.566224	0.286950	0.967317	0.582885	0.868819	0.564106	0.621585	
407	15.057454	4.791625	0.593558	0.377729	0.839195	0.304063	0.541633	0.802185	0.452373	
408	10.850565	17.032818	0.459921	0.569632	0.484597	0.813811	0.992936	0.566033	
409	13.238085	16.902374	0.523052	0.932705	0.120695	0.750019	0.065968	0.607252	0.906275	
410	12.330954	22.523512	0.672697	0.746802	0.782642	0.530052	0.631238	0.371535	
411	24.172609	27.387586	0.805184	0.632825	0.764013	0.410507	0.816086	0.359739	
412	27.332499	22.866746	0.663428	0.789479	0.677967	0.784281	0.822061	
413	12.064089	12.613535	0.203820	0.439837	0.496562	0.637905	0.988189	1.018842	
414	0.449360	30.466015	0.608057	0.472161	0.668663	0.774922	0.647087	0.576423	
415	22.784211	22.045028	0.686630	0.690736	0.684335	0.530290	0.754325	0.466511	
416	29.496145	30.919170	0.736267	0.749344	0.644596	0.759560	0.874175	0.036181	
417	19.325469	24.203283	0.717848	0.752092	0.411664	0.010015	0.766483	1.163374	
418	6.285976	25.539503	0.469094	0.734645	0.658448	0.450716	0.771161	0.650295	
419	24.031413	8.054163	0.570144	0.686679	0.700252	0.536637	0.018888	0.947962	0.451400	
420	30.140459	23.732894	0.762796	0.665107	0.545413	0.984370	0.730204	
421	1.489920	27.907100	0.758002	0.832146	0.594971	0.738895	0.726480	
422	2.616785	8.799038	0.749245	0.520668	0.556166	0.652641	0.708700	0.432596	0.320618	
423	14.147335	4.047399	0.929436	0.541633	0.923903	0.586541	0.684174	
424	20.116039	22.258482	1.027800	1.094189	0.057754	0.488691	0.950302	0.313263	
425	18.736495	9.829418	0.642176	0.706624	0.459529	0.886013	0.428588	0.570750	
426	12.953480	28.199611	0.622119	0.827123	0.678925	0.602711	0.443222	0.568968	
427	12.230109	1.043552	0.670915	0.504626	1.048474	0.021432	0.705297	0.825236	
428	10.530796	2.454813	0.750939	0.648703	0.636795	0.552543	0.675651	0.445146	
429	23.467737	29.220710	0.616187	0.788478	0.495727	0.678575	0.922004	0.291734	
430	23.922631	28.326102	0.257226	0.676875	0.720105	0.678068	0.788478	0.764013	
431	26.541945	28.589694	0.690523	0.533066	0.679687	0.257349	0.872323	0.828543	
432	7.862213	7.854307	0.709629	0.725931	0.922877	0.895029	0.461894	
433	30.887547	18.005218	0.963088	0.774607	0.462993	0.741754	0.584747	0.409993	
434	10.518621	18.545968	0.874618	0.770543	0.577419	0.874800	0.554950	
435	3.229176	4.384624	0.815277	0.390598	0.634512	0.596566	0.625487	0.780025	
436	15.858822	10.526432	0.708460	0.464631	0.753643	0.524513	0.697344	0.568794	
437	1.604856	17.345093	0.704674	0.203616	0.826470	0.675122	0.425251	1.002226	
438	21.416367	17.285168	0.455775	0.669522	0.472356	0.529883	0.619843	0.289637	0.796245	
439	28.610707	23.815904	0.633689	0.970648	0.642311	0.585720	0.985748	
440	16.732402	11.091689	0.697344	0.585825	0.479018	0.845963	0.760441	0.404462	
441	14.827129	3.565468	0.678638	0.783073	0.929436	0.377729	0.492495	0.456224	
442	0.224996	14.949873	0.693042	0.337305	0.621063	0.901126	0.856825	0.330604	
443	8.055902	31.409323	0.580638	0.526234	0.499240	0.688001	0.737814	0.696982	
444	15.610710	28.628732	0.629331	0.701058	0.783473	0.467974	0.860696	0.259165	
445	5.154513	12.989055	0.786441	0.967626	1.009238	0.482606	0.498011	
446	6.454999	10.981009	0.908552	0.556319	0.714571	0.960040	0.635430	
447	12.230109	27.290456	0.348773	0.899483	0.457980	0.803158	0.691283	0.568968	
448	29.593701	1.631893	0.555333	0.373787	1.058364	0.188977	0.632856	0.953462	
449	23.159731	14.625534	0.787432	0.727044	0.836712	0.646704	0.781963	0.140780	
450	11.356530	27.677835	0.803158	0.343485	0.793983	0.836346	0.998807	
451	31.532150	17.290338	0.891460	0.306941	0.963088	0.099929	0.741792	0.311866	0.624190	
452	23.881284	19.008135	0.950127	0.334125	0.590168	0.922347	0.560878	0.530090	
453	15.509343	1.656142	0.736918	0.846891	0.592777	0.357227	0.639018	0.543661	
454	13.969362	29.575202	0.496751	0.949057	0.831173	0.119653	0.847489	0.575718	
455	0.134397	5.099173	0.904467	0.694988	0.748635	0.525015	0.624088	0.378209	
456	13.815201	26.440594	0.785401	0.154558	0.893499	0.415923	0.615692	0.839319	
457	20.831504	4.300698	0.468664	0.400214	0.849728	0.552185	1.092955	0.493644	
458	22.010559	11.532669	0.497689	0.850597	0.675962	0.784416	0.294773	0.746350	
459	8.195564	10.474033	0.340928	1.009086	0.857017	0.552249	0.033092	0.663290	0.468504	
460	26.362486	30.424760	0.907080	0.513569	0.679530	0.906722	0.530723	0.261267	
461	5.249381	13.823106	0.512768	1.009238	0.696107	0.697797	0.658183	0.231785	
462	2.312416	10.818942	0.782774	0.886135	0.817156	0.309520	0.457983	0.522605	
463	19.677462	27.590873	0.589301	0.756422	0.800003	0.732859	0.494642	0.470057	
464	17.862916	24.167707	0.932529	0.582568	0.010015	0.978797	0.459105	0.899154	
465	23.032560	13.476315	0.283388	1.032612	0.803482	0.363809	0.646704	0.563694	0.171215	
466	3.442930	18.843222	0.576560	0.765788	0.630996	0.648222	0.672557	0.495965	
467	4.952917	30.863830	0.767588	0.673614	0.906728	0.743904	0.591339	
468	30.966604	7.372060	0.498717	0.773664	0.588925	0.857327	0.698115	0.412274	
469	26.930747	14.380458	0.503612	0.769404	0.815978	0.597006	0.408798	0.677314	
470	4.826426	29.334078	0.623926	0.194339	0.608316	0.654498	0.900155	0.882097	
471	21.397394	12.292390	0.503272	0.784416	0.722675	0.736543	0.946874	
472	16.441788	3.213032	0.636712	0.627630	0.253457	0.709650	0.682948	0.791960	
473	9.882118	26.262716	0.814879	0.709078	0.750689	0.841546	0.540298	
474	21.329563	15.182886	0.296922	1.101650	0.034549	0.881204	0.420343	0.242878	0.894538	
475	23.564977	10.076756	0.912129	0.379408	0.402587	0.872857	0.723376	0.432958	
476	6.609160	9.459163	0.493815	0.751204	0.869383	0.606143	0.468756	0.637021	
477	29.333920	13.904377	0.964084	0.254537	0.941035	0.940834	0.730579	
478	27.096767	4.411377	0.415615	0.729346	0.761596	0.863203	0.204554	0.778245	
479	24.683949	8.901005	0.764381	0.381430	0.990377	0.205978	0.728626	0.700252	
480	8.992727	10.973103	1.009086	0.949211	0.567340	0.502170	0.764847	
481	13.028963	17.915078	0.932705	0.830037	0.815722	0.202826	1.036203	
482	21.698284	19.222379	0.609171	0.400429	0.933341	0.255537	0.367552	0.646819	0.681042	
483	18.938090	21.633932	0.532283	0.882427	0.930046	0.639906	0.313263	0.546555	
484	11.037567	5.219814	0.723630	0.445007	0.395623	0.726238	0.444534	1.015838	
485	2.494247	30.342054	0.459117	0.956007	0.755674	0.336648	0.695223	0.682875	
486	12.629346	29.211540	0.602711	0.650406	0.785712	0.119653	1.002076	0.653756	
487	18.886545	20.783912	0.846791	0.495567	0.484297	0.996618	0.882427	0.024952	
488	26.401066	22.381020	0.702513	0.386395	0.663428	0.760420	1.041206	0.309379	
489	1.764393	9.623744	0.556166	0.847837	0.585615	0.787570	0.500609	0.309520	0.326782	
490	21.597977	21.929605	0.863488	0.484560	0.806863	0.761211	0.530290	0.396464	
491	18.647793	18.320023	0.427394	0.794882	0.466651	0.582385	0.811066	0.687909	
492	25.758380	23.333957	0.760420	0.026130	0.771331	0.620528	0.768207	0.912016	
493	25.385184	17.613887	0.641418	0.433302	0.732175	0.708334	0.795315	0.455742	
494	20.432267	29.468475	0.669360	0.665203	0.396289	0.854653	0.736164	0.456954	
495	3.825091	17.787812	0.450263	0.520201	0.590462	0.576560	0.813876	0.830866	
496	21.416367	21.014916	0.557272	0.742547	0.863488	0.683863	0.805615	
497	8.589537	25.314033	1.079920	0.569910	0.242150	1.068779	0.458059	0.493776	
498	5.576550	26.439487	0.469094	0.765189	0.707601	0.750253	0.352678	0.730395	
499	1.729133	2.231777	0.333221	0.818089	0.415024	0.628146	0.708496	0.771127	
500	21.724848	30.749197	0.628193	0.743245	0.655179	0.759243	0.876434	
501	8.202158	5.055691	0.740066	0.575259	0.701210	0.573242	0.813256	0.347945	
502	0.711512	8.033450	0.669573	0.626894	0.702610	0.931130	0.768548	
503	3.320392	19.890726	0.630996	0.629242	0.655797	0.650831	0.513057	0.635686	
504	20.986582	16.109433	0.894538	0.860106	0.883772	0.289637	0.865169	
505	29.438101	26.341393	0.597983	0.892697	0.551704	0.644943	0.565084	0.423806	
506	17.804098	16.303976	0.706715	0.792060	0.759557	0.354638	0.396439	0.847723	
507	13.214083	19.812444	0.551845	0.801467	0.096703	0.890902	0.664157	0.724093	
508	6.098958	24.567419	0.797501	0.771161	0.235098	0.435139	0.833680	0.769623	
509	21.286082	6.700076	0.514602	0.802098	0.937608	0.649121	0.924885	
510	19.308077	22.462291	0.930046	0.414912	0.719553	0.950302	0.617879	
511	7.378653	12.878755	0.965442	0.603101	0.529164	0.850203	0.869064	
512	16.498583	18.975690	0.677761	0.655353	0.636696	0.719167	0.534938	0.534254	
513	18.205391	3.285923	0.421385	0.615100	0.690890	0.643256	0.749919	0.658324	
514	9.411729	24.412784	0.532661	0.460717	0.403341	0.771918	0.327203	0.493776	0.923307	
515	13.044395	21.819716	0.592682	0.699317	1.040317	0.730228	0.672697	
516	29.066597	10.915945	0.473471	0.886759	0.064602	0.821048	1.011958	0.014891	0.619864	
517	3.292722	15.064300	0.734433	0.460044	0.414487	0.769417	0.711820	0.666304	
518	20.823598	27.737128	0.741258	0.790825	0.614919	0.589301	0.709967	0.360931	
519	26.389207	12.653063	0.598745	0.508163	0.488085	0.889919	0.627079	0.632831	
520	1.612762	11.692522	0.522605	0.829691	0.723823	0.933341	0.768010	
521	4.159170	31.466560	0.507659	0.673614	0.487598	0.717885	0.562836	0.853951	
522	25.926724	8.550008	0.807654	0.345516	0.381430	0.819739	0.869614	0.163822	0.518066	
523	2.537728	6.727746	0.373816	0.760997	0.807189	0.848666	0.322016	0.670532	
524	15.007316	9.855080	0.546069	0.522891	0.678874	0.524513	0.741276	0.747634	
525	30.389488	29.369654	0.696292	0.797741	0.493753	0.740084	0.369106	0.672338	
526	25.348897	29.066549	0.635237	0.257349	0.532098	0.992823	0.836195	0.600227	
527	20.734106	11.740920	0.294773	0.485798	0.330718	0.443988	0.946874	0.443124	0.934443	
528	6.881907	16.088088	0.778979	0.325026	0.471102	0.337697	0.710604	0.785473	0.542092	
529	5.628854	28.195658	0.681028	0.492609	0.682235	0.194339	0.852632	0.841612	
530	24.919159	0.156087	0.902818	0.337994	1.069408	0.432106	0.298448	0.765477	
531	17.297184	3.808963	0.575111	0.328971	0.709650	0.976969	0.533511	0.643256	
532	5.192618	21.092771	0.484751	0.491009	0.857083	0.676246	0.637932	0.643277	
533	15.470099	19.326576	0.636696	0.559452	0.486760	0.800259	0.648011	0.648909	
534	28.326102	1.004023	0.372198	0.188977	1.009713	0.239854	0.658875	0.834254	0.606978	
535	22.158238	2.089933	0.497143	0.732402	0.854425	0.611181	0.388510	0.671099	
536	29.559390	0.723371	0.036181	1.016935	0.372198	0.953462	0.937338	0.585794	
537	8.063808	12.309166	0.993966	0.715788	0.965442	0.425396	0.477764	0.215613	
538	4.725233	9.971310	0.265234	0.874296	1.091238	0.194999	0.945399	0.648274	
539	26.863549	31.184011	0.229433	0.906722	0.704162	0.803050	0.347648	0.756725	
540	9.174558	29.527768	0.549165	0.918392	0.130478	0.968423	0.895187	0.383717	
541	11.551958	18.952479	0.577419	0.831793	0.637424	0.511193	0.182436	1.026766	
542	9.111313	12.909999	0.477764	1.013311	0.813606	0.360645	0.567813	0.221572	0.057495	0.557430	
543	13.819153	4.842238	0.719590	0.576515	0.923903	0.471877	0.452373	0.598881	
544	6.048821	15.362187	0.582340	0.785473	0.470214	0.576719	0.704120	0.709937	
545	9.984892	28.843925	0.611698	1.070387	0.549165	0.528366	0.359872	0.707239	
546	17.228563	15.184783	0.494405	0.265177	0.730651	0.543688	0.887429	0.603978	0.396439	
547	2.379614	20.392738	0.655797	0.539928	0.676583	0.704715	0.555121	0.665552	
548	12.858612	0.083010	0.813667	0.826308	0.627357	0.504626	0.525161	0.486669	
549	15.139404	20.266247	0.442094	0.647300	0.800259	0.464885	0.587369	0.787556	
550	20.029788	15.695839	0.034549	0.860106	0.523205	0.308091	0.982053	0.499229	0.717255	
551	24.223047	3.684053	0.404788	1.033465	0.538233	0.752504	0.608678	0.467552	
552	27.875478	15.127546	0.739984	0.449573	0.913627	0.408798	0.650040	0.584154	
553	10.435516	4.182112	0.731007	0.463929	0.818028	0.444534	0.898530	0.509955	
554	25.910913	19.400573	0.795100	0.443408	0.811428	0.198846	0.820304	0.816274	
555	4.834332	6.941199	0.513736	0.615568	0.864987	0.521429	0.502661	0.690211	
556	14.966080	10.891612	0.753643	0.678874	0.794901	0.572879	0.499777	0.439309	
557	4.909436	17.439961	0.589022	0.489092	0.695705	0.674702	0.520201	0.906475	
558	19.471725	0.857768	0.660997	0.482478	0.759498	0.655498	0.404916	0.787751	
559	30.508074	2.280793	0.423044	0.779439	0.880027	0.384626	0.555333	0.732905	
560	22.325680	14.099806	0.803482	0.927399	0.781963	1.185610	0.000854	
561	26.707063	23.650184	0.789479	0.570286	0.736239	0.768207	0.563537	0.309379	
562	19.591891	18.691907	0.643144	0.583814	0.651875	0.639695	0.687909	0.512525	
563	2.846050	13.024631	0.600138	0.641592	0.644874	0.733582	0.692416	0.465210	
564	15.716046	5.860349	0.304063	0.532354	0.912542	0.633978	0.557365	0.894588	
565	12.140316	21.327128	0.745079	0.563052	0.371535	0.870588	0.699317	0.494451	
566	0.854201	26.364541	0.416733	0.830863	0.824576	0.224524	0.981617	0.549457	
567	17.819435	31.361889	0.922453	0.198928	0.871002	0.356608	0.722044	0.658152	0.183522	
568	13.064160	26.986087	0.893499	0.713640	0.899483	0.774004	0.443222	
569	23.219024	1.905272	0.555557	0.971326	0.671099	0.561738	0.223294	0.866258	
570	27.337890	9.822825	0.489636	0.921351	0.341105	0.773066	0.678680	0.556054	0.121957	
571	24.785363	26.605665	0.744807	0.651312	0.805184	0.698265	0.343441	0.599944	
572	12.028514	16.981431	0.523052	0.630796	0.387526	0.569632	0.787855	0.751241	0.202826	
573	21.277860	0.055972	0.605000	0.655179	0.707672	0.747598	0.555165	0.518727	
574	31.077442	14.475484	0.373041	0.714214	0.872917	0.889428	0.856825	
575	26.207376	16.024842	0.687987	0.573974	0.492578	1.060869	0.156006	0.783845	
576	20.167268	1.671738	0.367172	0.818734	0.655498	0.792526	0.690318	0.457332	
577	6.511588	30.024277	0.940868	0.845653	0.552809	0.766574	0.775316	
578	15.831153	12.664922	0.663179	0.626401	0.633311	0.749532	0.379455	0.663509	
579	14.641346	2.363803	0.979232	0.251827	0.456224	0.787535	0.758049	0.592777	
580	18.080323	30.421111	0.778350	0.894440	0.738868	0.922453	0.461857	
581	2.466988	27.984133	0.796573	0.629069	0.678562	0.531338	0.726480	0.343694	
582	30.784001	5.362432	0.740390	0.469217	0.517408	0.709860	0.548991	0.748635	
583	0.652220	11.957362	0.933341	0.144701	0.330725	0.888486	0.442784	0.220776	0.933189	
584	9.764544	22.032569	0.832901	0.940001	0.329824	0.881721	0.684891	0.125195	
585	11.486974	12.036419	0.606687	0.384570	0.543681	0.890703	1.018842	0.336229	
586	13.981220	20.471795	0.710195	0.664157	0.671421	0.643640	0.464885	0.647926	
587	28.029639	16.258060	0.821229	0.684904	0.506207	0.856161	0.584154	0.312531	
588	12.427751	10.111383	0.724094	0.713415	0.488645	0.110546	0.803015	0.277825	0.780581	
589	23.742049	22.518737	0.690736	0.711898	0.434673	0.758124	0.229925	0.899352	
590	11.075878	29.136436	0.796633	0.910174	0.542451	0.624376	0.634082	0.611698	
591	12.902093	20.689202	0.643640	0.890902	0.699470	0.278145	0.592682	0.745079	
592	19.479630	16.716590	0.523205	0.786893	0.788302	0.899592	0.640115	
593	22.968097	27.753097	1.131922	0.410507	0.963614	0.563858	0.676875	
594	15.666777	7.641486	0.976359	0.436746	0.344197	0.873977	0.892093	0.289761	
595	1.151069	22.353825	0.214994	0.739563	0.353190	0.812948	0.854797	0.836624	
596	28.196338	4.028109	0.892070	0.172677	0.686474	0.752343	0.903560	0.415615	
597	24.195377	23.266458	0.785119	0.794051	0.603018	0.139030	0.584218	0.899352	
598	7.980798	19.297799	0.773901	0.845570	0.612847	0.710097	0.765553	
599	3.462694	1.442789	0.656492	0.991270	0.854638	0.131096	0.589165	0.519661	
600	14.864729	22.162301	0.581083	0.778418	0.947105	0.641082	0.778724	
601	7.340437	25.677695	0.197035	0.569910	1.045698	0.453030	0.906688	0.658448	
602	25.994239	7.333006	0.858866	0.740048	0.345516	0.818613	0.608238	0.424658	
603	1.378676	19.947410	0.422681	0.704715	0.677137	0.651999	0.972056	0.393788	
604	7.100942	19.709496	0.773901	0.401113	0.484715	0.793230	0.854173	0.447665	
605	27.246975	8.723933	0.678680	0.750784	0.981028	0.379615	0.163822	0.897302	
606	27.692224	17.378297	0.873647	0.254451	0.957723	0.388301	0.786855	0.506207	
607	7.202245	4.619756	0.701513	0.573242	0.447260	0.669657	0.753226	0.575194	
608	26.685671	7.893836	0.757762	0.423879	0.807654	0.897302	0.818613	
609	15.036630	8.684405	0.546069	0.969771	0.425310	0.198801	0.344197	0.659522	0.740598	
610	11.826918	0.351803	0.874101	0.742234	1.048474	0.438308	0.627357	
611	1.895311	6.083337	0.595462	0.533704	0.563258	0.593130	0.657431	0.807189	
612	31.258324	21.243185	0.709005	0.599633	0.940360	0.572494	0.841878	0.100415	
613	28.519792	13.364576	0.572597	0.337629	0.017225	0.940834	0.910741	1.088658	
614	26.468264	3.201806	0.800249	0.770367	0.766936	0.501181	0.782619	0.204554	
615	5.241475	2.699795	0.276015	0.951779	0.887873	1.058713	0.689225	
616	29.298503	6.522198	0.714228	0.661893	0.704985	0.477042	0.585065	0.571299	
617	5.103126	15.937879	0.576719	0.586355	1.027289	0.753233	0.746880	
618	14.301590	19.461447	0.947400	0.486760	0.710195	0.587369	0.031245	0.551845	0.632891	
619	5.945082	2.043622	0.688224	0.342058	0.951779	0.993330	0.827688	0.034786	
620	23.699690	30.066778	0.829890	0.808833	0.490032	0.922004	0.713340	
621	19.006396	16.029269	0.717255	0.408890	0.354638	0.419462	0.899592	0.949279	
622	7.737461	9.537508	0.468756	0.694929	0.663290	0.971219	0.952310	
623	9.928398	16.673267	0.639703	0.813811	0.585658	0.564760	0.607464	0.534193	
624	23.088580	5.897648	0.720278	0.479864	0.801069	0.395501	0.608619	0.753353	
625	25.357988	20.244364	0.190940	0.940766	0.486893	0.794575	0.579055	0.811428	
626	3.206629	7.629959	0.315025	0.848721	0.432596	0.872946	0.737595	0.670532	
627	19.385236	26.001623	0.149961	1.092419	0.772472	0.828069	0.996807	
628	12.285449	9.020397	0.848827	0.986778	0.724094	0.719174	0.477580	
629	23.634073	25.238929	0.754817	0.779010	0.413497	0.725501	0.497492	0.556770	
630	3.253494	22.060934	0.563361	0.636911	0.817623	0.416976	0.613579	0.699735	
631	14.799459	12.878376	0.700948	0.868522	0.663179	0.620027	0.760584	
632	23.302034	30.875688	0.829890	0.537100	0.927573	0.664018	0.782156	
633	24.424484	21.752834	0.488646	0.777251	0.758124	0.760635	0.238847	0.765762	
634	28.843925	0.209501	0.483382	0.834254	0.735480	0.644596	1.016935	
635	22.673847	2.836405	0.601383	0.561738	0.835414	0.854425	0.281677	0.596856	
636	7.937317	21.207025	0.713136	0.927868	0.910782	0.729163	0.393432	
637	21.879483	3.657807	0.552185	0.968434	0.596856	1.007316	0.650496	0.133118	
638	28.496075	30.946840	0.759560	0.323627	0.716739	0.735480	0.593592	0.622646	
639	11.091689	20.780117	0.853608	0.513929	0.738649	0.438388	0.494451	0.679958	
640	6.930653	7.656364	0.798885	0.352279	0.725931	0.523806	0.462909	0.845313	
641	23.583935	12.915406	0.705760	1.032612	0.515665	0.488392	0.958566	
642	6.597302	26.594755	0.453030	0.650295	0.901455	0.765189	0.446916	0.605825	
643	2.593068	11.965268	0.457983	0.709261	0.762058	0.723823	0.570685	0.600138	
644	8.889953	3.355967	0.736944	0.448369	0.643808	0.793876	0.429843	0.703207	
645	11.293600	1.725750	0.798269	0.705297	0.508112	0.711687	0.648703	0.514361	
646	3.249082	23.884841	0.851153	0.889763	0.244852	0.840269	0.872305	
647	12.999791	7.340121	0.730183	0.584859	0.554657	0.634760	0.857837	0.425403	
648	11.520019	25.328579	0.627989	0.295771	0.470298	0.738665	0.714642	0.910689	
649	27.345796	21.938301	0.732835	0.659374	0.784281	0.386758	0.534549	0.702513	
650	17.032818	14.242108	0.731783	0.891243	0.887429	0.823871	0.423569	
651	28.266809	20.313681	0.847938	0.616299	0.376929	0.615250	0.815599	0.483013	
652	5.276545	1.441268	0.467232	0.284251	0.723961	0.691650	0.276015	0.993330	0.466191	
653	23.784597	2.786283	0.768937	0.411277	0.866258	0.752504	0.601383	0.471357	
654	10.417270	12.501116	0.543681	0.611160	0.880652	0.221572	0.681874	0.864884	
655	11.506738	23.080674	0.782642	0.487334	0.451534	0.679277	0.563235	0.811342	
656	22.636643	19.664908	1.092571	0.646819	0.016678	0.960803	1.069188	
657	21.847386	5.830449	0.320065	0.532376	0.118415	0.802098	0.395501	0.773812	0.938230	
658	15.107592	0.815710	0.402179	0.966104	0.846891	0.695706	0.368437	0.566380	
659	1.482318	16.111805	1.134054	1.044911	0.425251	0.795282	0.476154	
660	2.098045	4.210256	0.648228	0.330678	0.821464	1.007139	0.596566	0.472018	
661	19.558687	17.645509	0.549655	0.788302	0.582385	0.643144	0.745071	0.417277	
662	8.952724	14.386466	1.055485	0.356669	0.907991	0.096230	0.842172	0.057495	0.580246	
663	6.136084	4.583247	0.669657	0.390706	0.662565	0.795295	0.538823	0.651477	
664	14.122811	11.341667	0.794901	0.856142	0.267253	0.379657	0.679371	0.815043	
665	11.803834	7.238770	0.447648	0.706783	0.800553	0.648492	0.756698	0.425403	
666	30.716626	16.494598	0.816305	0.790359	0.741792	0.518170	0.866723	
667	30.564919	1.268676	0.768331	0.875069	0.632856	0.732905	0.585794	0.227906	
668	13.105206	30.173399	0.297924	0.758614	0.864158	0.785712	0.831173	0.371661	
669	20.463573	5.937334	0.845492	0.748605	0.721214	0.720884	0.649121	0.118415	
670	9.111313	30.994274	0.375646	1.119281	0.710215	0.499240	1.036980	0.130478	
671	28.276027	26.297580	0.198782	0.726499	0.849643	0.817873	0.423806	0.733458	
672	19.499395	11.684616	0.833897	0.440676	0.443124	0.751799	0.580593	0.477224	0.389545	
673	29.531720	3.846120	0.481616	0.664923	0.761778	0.172677	0.857731	0.813505	
674	0.738507	25.161295	0.814797	0.668139	0.549457	0.717634	0.584456	0.544842	
675	7.086190	14.949510	0.443939	0.856653	0.542092	0.582340	0.654466	0.675822	
676	3.853552	6.403612	0.627073	0.721320	0.322016	0.688400	0.711942	0.521429	0.315025	
677	20.915304	22.704774	0.603113	0.806863	0.428643	1.027800	0.924611	0.083884	
678	0.743926	10.096994	0.585615	0.478587	0.237376	0.654507	0.867210	0.866023	
679	10.799953	19.665889	0.831793	0.569104	0.513929	0.554950	0.611708	0.026242	0.903006	
680	17.807576	7.040021	0.718835	0.610789	0.495090	0.451405	0.672932	0.768827	
681	23.013476	23.254599	0.711898	0.584218	0.659034	0.840035	0.559500	0.466511	
682	2.371708	14.799459	0.516297	0.769417	0.090260	0.866932	0.990063	0.659287	
683	6.292933	21.456054	0.659687	0.616949	0.391521	0.795628	0.964736	0.491009	
684	28.824161	3.217618	0.500962	0.667091	0.813505	0.787448	0.892070	0.120484	
685	24.760634	2.751182	0.768937	0.911572	0.538233	0.769301	0.706697	
686	15.135451	29.709599	0.654778	0.443748	0.550807	0.467974	0.649259	0.536608	0.575718	
687	14.228226	17.033767	0.294766	0.932212	0.813186	0.967681	0.750019	
688	14.710378	18.566839	0.460754	0.703472	0.947400	0.648909	1.067568	
689	30.465302	11.309254	0.890296	0.014891	0.123744	1.082329	1.077477	0.661447	0.114323	
690	11.725488	10.811511	0.780581	1.017640	0.384570	0.621855	0.908990	
691	2.850003	25.096626	0.489174	0.825835	0.853417	0.306608	0.302807	0.910483	0.244852	
692	23.531299	21.380950	0.591658	0.777251	0.686630	0.434673	0.673522	0.562856	
693	21.139826	5.194041	0.938230	0.717628	0.845492	0.417246	0.849728	
694	1.537658	25.934630	0.794497	0.544842	0.814752	0.542762	0.981617	
695	26.349046	6.272488	0.478463	0.568603	0.608238	0.527142	0.734212	0.835778	
696	9.882118	3.340156	0.512725	0.636795	0.523022	0.736944	0.731007	0.604382	
697	15.748617	3.881854	0.791960	0.628060	0.783073	0.593558	0.476013	0.469245	
698	9.550395	27.232270	0.318817	0.513804	1.033627	0.515462	0.750689	0.718801	
699	28.567226	5.806732	0.556821	0.561324	0.566434	0.648965	0.661893	0.718402	
700	28.893257	2.076288	1.058364	0.534853	0.819423	0.500962	0.658875	0.258805	
701	1.640432	30.800584	0.755674	0.836945	0.634057	0.376344	0.664703	0.472161	
702	19.430615	6.060394	0.761007	0.979958	0.477533	0.218841	0.720884	0.659664	
703	29.709599	15.174980	0.647123	0.619490	0.254537	0.768744	0.662304	0.937747	
704	23.425916	20.228932	0.290875	0.881161	0.562856	0.622957	1.069188	0.011074	0.590168	
705	9.502644	6.636830	0.967102	0.237687	0.577863	0.884749	0.453348	0.676403	
706	15.981361	9.494739	0.562229	0.629798	0.741276	0.708460	0.707891	0.425310	
707	19.257164	3.553704	0.231229	0.888455	0.940060	0.524381	0.559594	0.690890	
708	16.886563	5.573514	0.540756	0.604791	0.642229	0.783941	0.007835	0.557365	0.717882	
709	5.447181	21.972043	0.857083	0.503853	0.634678	0.163644	0.861650	0.795628	
710	28.990813	7.591364	0.307395	0.981696	0.583805	0.571299	0.698001	0.681513	
711	14.086366	16.210784	0.993022	0.257717	1.019864	0.967681	0.607252	
712	4.284886	14.317212	0.697797	0.685466	0.460044	0.607236	0.834332	0.539194	
713	23.337609	8.850425	0.205978	0.618793	0.747204	0.379408	1.023994	0.947962	
714	3.581880	12.343018	0.717910	0.832129	0.762058	0.141335	0.607172	0.733582	
715	17.934067	28.492122	0.717768	0.636452	0.685144	0.635116	0.442821	0.627216	
716	28.805662	28.119210	0.909786	0.372497	0.649849	0.564428	0.559851	0.689763	
717	6.336414	19.163403	0.159241	0.585051	0.739936	0.854173	0.565957	0.400859	0.582212	
718	21.424431	29.727307	0.641293	0.745709	0.549739	0.736164	0.439825	0.628193	
719	0.180412	12.703818	0.933189	0.811026	0.179118	0.894804	0.208357	0.750920	
720	30.776867	9.237804	0.855763	0.724225	0.503510	0.321309	0.829887	0.558209	
721	26.032818	24.366931	0.435847	0.736239	0.864625	0.389316	0.684977	0.620528	
722	6.071099	17.139071	0.489092	0.530312	1.079929	0.337697	0.682825	0.639816	
723	0.415523	0.825038	0.848709	0.845618	0.497229	0.711898	0.794887	
724	14.961526	6.617066	0.627481	0.809462	0.633978	0.841726	0.573075	0.289761	
725	30.286714	25.638166	0.848832	0.764259	0.597983	0.450144	0.845958	0.356540	
726	19.902585	30.563414	0.396289	0.913323	0.970701	0.723415	0.739535	
727	11.637593	16.101258	0.687267	0.702722	0.459921	0.775737	0.751241	0.354361	
728	16.445899	25.636743	0.946301	0.671658	0.473055	0.690273	0.788077	0.313934	
729	0.470389	20.574569	0.677137	0.615004	0.619938	0.717456	0.572494	0.557335	
730	27.100720	7.024209	0.496803	0.662391	0.686722	0.757762	0.424658	0.734212	
731	18.728431	5.244116	0.521323	0.676583	0.761007	0.238307	0.699632	0.546043	0.462937	
732	9.716098	23.282269	0.632137	0.749512	0.532661	0.853033	0.636145	0.329824	
733	8.196861	24.594456	0.403341	0.806179	0.197035	1.079920	0.721307	0.668464	
734	5.714394	10.161853	0.740456	0.606143	0.719985	0.635430	0.163398	0.111524	0.945399	
735	6.902272	1.672355	0.279410	1.017677	0.742542	0.688224	1.007081	
736	20.710990	8.061911	0.878642	0.092806	0.746565	0.473315	0.938338	0.776855	
737	11.874353	28.361678	0.653756	0.210335	0.910174	0.457980	0.678925	0.998807	0.005483	
738	12.153566	13.750121	0.627341	0.485082	0.690697	0.579773	0.611147	0.496562	0.408531	
739	4.274862	20.487290	0.716542	0.607288	0.698279	0.578184	0.637932	0.513057	
740	6.688217	17.938020	0.908552	0.088824	0.400859	0.737204	0.995206	0.639816	
741	12.119429	8.119148	0.554657	0.800553	0.567410	0.652512	0.323113	0.848827	
742	27.685741	1.589045	0.265856	0.741914	0.258805	0.703451	1.009713	0.841341	
743	17.388574	25.958347	0.621888	0.731651	0.790489	0.690273	0.769451	
744	22.002891	20.232727	0.522694	0.742547	0.851631	0.681042	0.960803	
745	7.814462	15.776935	0.296364	0.855488	0.377159	0.796602	0.778979	0.654466	
746	22.831645	7.530174	0.737417	0.886266	0.592593	1.047474	0.536637	
747	0.806381	6.138772	0.378209	0.838052	0.593130	0.766672	0.541572	0.605618	
748	24.282656	12.468703	0.974813	0.417945	0.428691	0.532057	0.958566	0.480258	
749	13.303860	1.226331	0.670915	0.455009	0.803371	0.486669	0.665392	0.693493	
750	18.355441	4.263067	0.575111	0.784759	0.676583	0.749919	0.524381	0.476118	
751	4.155233	22.612214	0.163644	0.893469	0.792806	0.699735	0.876917	0.469563	
752	14.522760	5.751392	0.802185	0.532354	0.488622	0.629036	0.809462	0.598881	
753	0.225312	18.523041	0.772013	0.508028	0.479684	0.983343	0.311866	0.741754	
754	1.064265	13.267336	0.220776	0.991080	0.945359	0.811026	0.255304	0.581315	
755	21.795999	13.253896	0.434248	0.770091	0.927399	0.363809	0.714968	0.736543	
756	27.911053	5.043833	0.561047	0.686474	0.738906	0.323724	0.718402	0.729346	
757	31.115705	11.953030	0.442784	0.674454	0.750920	0.948269	1.082329	
758	2.312890	23.958301	0.561013	0.840269	0.728006	0.625288	0.489174	0.588052	
759	13.392246	25.535392	0.541673	0.703044	0.785401	0.800488	0.497283	0.483799	
760	8.061784	17.722985	0.772883	0.617241	0.088824	0.695034	0.897787	0.781072	
761	23.547110	10.984962	0.553330	0.872857	0.651880	1.031197	0.639083	
762	10.834754	0.719418	0.742234	0.021432	0.798269	0.788481	0.581930	0.814174	0.208579	
763	27.335519	19.770244	0.851639	0.839147	0.968909	0.489151	0.615250	
764	0.146255	22.558898	0.739563	0.746726	0.457702	0.403005	0.799666	0.705255	0.100415	
765	24.254670	9.577748	0.695321	0.912129	0.990377	0.618793	0.442691	
766	25.290316	14.253967	0.512098	0.572936	0.751492	0.617443	0.726037	0.570698	
767	14.823177	31.579295	0.771024	0.966104	0.379277	1.045579	0.286367	0.376094	
768	11.325413	9.087501	0.532184	0.739907	0.110546	0.323113	0.538324	0.986778	0.675800	
769	30.189632	20.978392	0.555958	0.704546	0.823827	0.529458	0.599633	0.504845	
770	5.826497	12.257779	0.955408	0.898653	0.786441	0.365969	0.210549	0.696243	
771	29.144341	20.689202	0.618537	0.529458	0.615794	0.847938	0.483662	0.653252	
772	8.009101	4.104874	0.643808	0.676025	0.701513	0.813256	0.522188	0.443231	
773	4.110961	30.302526	0.608316	0.373900	0.523016	0.507659	0.743904	0.272144	0.863524	
774	7.834385	0.804009	0.540555	0.508263	0.483129	0.588408	0.696982	0.841618	0.279410	
775	30.440875	6.292933	0.709860	0.762368	0.648087	0.477042	0.498717	0.660126	
776	11.198416	10.226015	0.803437	0.739907	0.488645	1.017640	0.246095	0.568110	
777	18.376786	25.523534	0.828069	1.105580	0.621888	0.637008	0.130655	0.602673	
778	28.061419	19.164509	0.145105	0.758356	0.851639	0.281371	0.654752	0.731917	0.483013	
779	3.943202	3.785088	0.932153	0.315612	0.815277	0.659277	0.672274	0.346580	
780	15.752096	23.811951	0.453593	0.855575	0.206992	0.738774	0.776774	0.681866	
781	21.943377	4.567120	0.238756	1.059042	0.320065	0.717628	0.493644	0.968434	
782	13.831012	6.684264	0.488622	0.627481	0.730183	0.320494	0.320093	0.822747	0.561975	
783	20.096275	31.591154	0.723415	0.531676	0.518727	0.732268	0.518896	0.660997	0.196357	
784	15.914162	24.788304	0.335171	0.940750	0.946301	0.031104	0.820400	0.738774	
785	9.681629	11.806474	0.864884	0.567813	0.567340	0.568781	0.534864	0.745978	
786	28.231392	6.800921	0.648965	0.585065	0.768231	0.496803	0.583805	0.635997	
787	18.922279	13.601747	0.406912	0.802119	0.473369	0.458395	0.871624	0.795054	
788	12.828428	12.947946	0.627341	0.988189	0.786789	0.757842	0.546978	
789	18.862986	0.090915	0.722044	0.995635	0.787751	0.794219	0.518896	
790	16.624252	23.013681	0.484692	0.914631	0.453593	0.650778	0.606566	0.750128	
791	22.939953	26.989249	0.533398	0.727814	0.181177	1.131922	0.359739	0.864299	
792	21.349327	24.590662	0.588830	0.578136	0.621585	0.700303	0.581573	0.734834	
793	24.096556	24.412784	0.863895	0.257892	0.779010	0.858521	0.470098	0.603018	
794	2.724618	18.077002	0.203616	0.484114	0.969568	0.338058	0.590462	0.765788	0.521150	
795	7.763392	1.786687	1.007081	0.841618	0.434988	0.819802	0.522779	0.179681	
796	7.895575	14.499834	0.708580	0.856653	0.296364	0.616909	0.678886	0.580246	
797	3.862248	10.244673	1.091238	0.811370	0.710005	0.691106	0.084326	0.531181	
798	7.925458	29.579155	0.383717	0.802152	0.725968	1.008523	0.499200	0.414086	
799	22.479841	30.215563	0.291734	0.490032	0.242929	0.876434	0.782156	0.439825	0.804265	
800	16.114176	29.391821	0.194780	0.830843	0.479911	0.860696	0.649259	0.772769	
801	13.412010	15.518878	0.753276	0.842691	0.065968	0.988478	1.019864	0.076528	0.178039	
802	6.338738	27.485458	0.472288	0.681028	0.901455	0.352678	0.745216	0.597532	
803	4.103055	25.567015	0.465732	0.705647	0.910690	0.302807	0.779733	0.621459	
804	4.237452	15.447726	0.583269	0.607236	0.651093	0.734433	0.424170	0.746880	
805	3.249398	29.881500	0.809209	0.863524	0.364221	0.956007	0.691578	
806	2.106235	22.255541	0.957158	0.416976	0.706466	0.211771	0.854797	0.654965	
807	15.967447	5.025191	0.894588	0.604791	0.839195	0.806869	0.476013	
808	11.872724	20.224394	0.182436	0.942765	0.096703	0.569104	0.853608	0.699470	0.563052	
809	28.872069	12.302478	0.946599	0.721903	0.727881	0.775022	0.572597	0.064602	
810	1.278351	19.099050	0.809025	0.489760	0.586439	0.479684	0.972056	0.437010	
811	20.880678	13.942957	0.770091	0.809287	0.760250	0.643496	0.242878	0.000854	0.699573	
812	6.122960	20.349257	0.585051	0.484715	0.484751	0.948238	0.713480	0.616949	
813	3.214345	31.131042	0.592913	0.786945	0.523016	0.853951	0.695223	0.364221	
814	6.028092	0.395285	0.467232	1.098501	0.974521	0.437808	0.756014	
815	3.419213	16.103899	0.651093	0.688185	0.112476	0.867797	0.746934	0.666304	
816	14.012843	10.091619	0.747634	0.666958	0.903298	0.379657	0.439309	0.634893	
817	31.405370	2.751182	0.779439	0.830538	0.586572	0.767558	0.806183	
818	9.779344	18.949949	0.874800	0.587843	0.525699	0.786709	0.611708	0.484163	
819	23.415085	18.010752	0.849166	0.676681	0.522677	0.738987	0.530090	0.410970	
820	18.696967	19.349186	0.366153	0.375264	0.512525	0.811066	0.024952	0.987629	0.882738	
821	27.480193	25.673742	0.817873	0.737656	0.392110	0.630895	0.604290	0.642434	
822	16.937950	8.988774	0.681514	0.792954	0.562229	0.524275	0.574773	0.644130	
823	4.301804	16.642435	0.688185	0.506896	0.450263	0.906475	0.151234	0.424170	0.753233	
824	1.834121	25.013616	0.588052	0.825835	0.794497	0.584456	0.277578	0.717193	
825	21.756470	25.606543	0.581573	0.868819	0.454886	0.789354	0.768265	0.272975	
826	8.882047	1.438836	0.748605	0.494491	0.522779	0.483129	0.352115	0.743323	0.528893	
827	18.301682	0.897296	0.404916	0.794219	0.597312	0.647744	0.717450	0.356608	0.326612	
828	5.370022	23.946506	0.910495	0.833680	0.616287	0.790856	0.473179	0.216834	
829	13.307924	10.632147	0.903298	0.340684	0.451706	0.604089	0.679371	0.803015	
830	24.472076	29.349890	0.126220	0.992823	0.713340	0.616187	0.693415	0.678068	0.108581	
831	7.917553	16.740307	0.796602	0.325026	0.772883	0.796138	0.788883	0.245748	
832	6.758420	6.685055	0.578366	0.684830	0.608998	0.607097	0.798885	0.499874	
833	18.574428	7.715957	0.548857	0.734402	0.769715	0.785618	0.210736	0.672932	
834	1.425080	29.917977	0.727423	1.064179	0.836945	0.608057	0.682875	0.014863	
835	22.523323	21.072628	0.851631	0.016678	0.673522	0.622957	0.754325	0.557272	0.396464	
836	24.883172	23.922631	0.700797	0.389316	0.771331	0.863895	0.794051	0.264284	
837	4.197924	23.614308	0.122483	0.851153	0.498399	0.473179	0.652100	0.792806	0.500374	
838	0.520985	13.928205	0.774164	0.945359	0.693042	0.373041	0.208357	0.743900	
839	4.376513	1.976424	0.723961	0.590059	0.887156	0.282538	0.689225	0.589165	
840	21.222836	1.830168	0.753106	0.732402	0.375819	0.716503	0.690318	0.490965	
841	31.266056	29.843047	0.844864	0.437558	0.621657	0.465995	0.696292	0.647087	
842	5.936987	22.754959	0.861650	0.391521	0.729863	0.010323	0.905065	0.769042	0.216834	
843	23.013634	3.727851	0.404788	0.747186	0.591003	0.471357	0.835414	0.238756	0.650496	
844	28.484216	17.807576	0.918194	0.369657	0.517682	0.145105	1.028355	0.873647	
845	19.831434	20.780117	0.783614	0.609661	0.532283	0.846791	0.057754	1.082344	
846	17.375135	2.701376	0.429222	0.656466	0.533511	0.658324	0.778299	0.636712	
847	14.815271	21.112156	0.647926	0.787556	0.675818	0.778418	0.669327	0.172479	
848	2.367755	15.811388	0.990063	0.414487	1.044911	0.727777	0.059206	0.746934	
849	16.709317	4.457547	0.561170	0.976969	0.540756	0.806869	0.628060	0.253457	
850	16.299960	19.989247	0.422210	0.832106	0.723310	0.719167	0.442094	0.648011	
851	12.269637	19.329422	0.756102	0.724093	1.026766	0.942765	0.385342	
852	13.036332	14.653916	0.993549	0.842691	0.408531	0.886973	0.592167	
853	13.894257	21.598356	0.675818	0.581083	1.040317	0.176297	0.483102	0.278145	0.671421	
854	29.839252	16.272227	0.629580	0.681364	0.620514	0.816305	0.374160	0.647123	
855	29.432899	24.657860	0.545413	0.722061	0.514710	0.850447	0.356540	0.642311	0.305932	
856	7.070774	31.470448	0.769063	0.801431	0.437808	0.540555	0.737814	0.590646	
857	25.072909	7.988704	0.740048	0.819739	0.764381	0.771427	0.570144	0.125598	
858	30.132553	4.553680	0.501483	0.857731	0.601268	0.740390	0.646181	0.445027	
859	17.818644	8.212277	0.769715	0.483671	0.629286	0.856621	0.451405	0.524275	
860	25.088041	18.732700	0.563525	0.455742	0.836793	0.334125	0.816274	0.822082	
861	13.779625	3.059504	0.492495	0.684174	0.503122	0.484665	0.921980	0.758049	
862	3.573374	5.391683	0.838935	0.365339	0.901585	0.627073	0.255240	0.780025	
863	8.707490	11.820910	0.557430	0.745978	0.993966	0.474845	0.949211	0.033092	
864	15.250084	27.669930	0.590668	0.617024	0.629331	0.677288	1.027143	0.186204	
865	2.644455	2.015952	0.636217	0.854638	0.781550	0.818089	0.473869	0.276749	
866	24.531369	11.629276	0.633606	0.639083	0.656272	0.610625	0.306732	0.974813	
867	27.903306	7.683955	0.768231	0.681513	0.423879	0.379615	0.846008	0.686722	
868	25.823950	5.593279	0.451532	0.869439	0.555385	0.835778	0.880691	0.166894	
869	3.506175	26.278527	0.910690	0.306608	0.380597	0.596079	0.857704	0.744165	
870	31.547774	1.652132	0.848709	0.332705	0.423044	0.768331	0.654597	0.586572	0.216004	
871	22.511464	10.652923	0.651880	0.322317	0.850597	0.485330	0.462284	0.432958	0.670360	
872	8.439803	2.450765	0.528893	0.717608	0.819802	0.703207	0.840794	
873	2.358269	31.563010	0.786945	0.336648	0.658276	0.555911	0.664703	0.712620	
874	14.712497	23.815904	0.776774	0.497336	0.609946	0.668324	0.631987	0.680231	
875	2.901390	23.013476	0.561013	0.889763	0.706466	0.817623	0.469563	0.122483	0.366185	
876	5.146607	0.217407	0.274630	0.767588	0.466191	0.716800	0.974521	0.562836	
877	18.455052	27.644789	0.645538	0.636721	0.494642	0.691076	0.589956	0.717768	
878	16.125719	16.974158	0.802773	0.521882	0.233506	0.591402	0.764270	0.912414	
879	14.080041	14.716450	0.592167	0.753276	0.636669	0.713506	0.725586	0.393005	
880	23.191354	16.214579	0.581126	0.584642	0.674790	0.730960	0.968551	0.265150	
881	27.477347	3.452148	0.477456	0.749445	0.120484	0.903560	0.782619	0.778245	
882	22.602380	15.558406	0.836712	0.250285	0.891490	0.296922	0.968551	0.678831	
883	6.719840	2.695842	0.742542	0.179681	0.827688	0.714844	0.640402	0.746792	
884	5.971645	29.168153	0.598153	0.766574	0.623926	0.416787	0.852632	0.591411	
885	20.598286	12.985103	0.722675	0.443988	0.985006	0.465400	0.434248	0.809287	
886	24.298783	20.589274	0.486893	0.742785	0.591658	0.881161	0.569760	0.488646	
887	14.815271	15.601887	0.076528	0.636669	0.843947	0.993022	0.435954	0.883365	
888	31.614871	27.804326	0.729087	0.993025	0.731866	0.880058	0.441701	
889	17.681085	10.435516	0.549713	0.428588	0.479018	0.615825	0.790564	0.942081	
890	25.543298	31.172152	0.902818	0.821144	0.679530	0.721077	0.403761	0.229433	
891	27.057238	2.387520	0.741914	0.669860	0.838417	0.260336	0.477456	0.770367	
892	4.972476	22.993395	0.790856	0.652100	0.769042	0.634678	0.893469	
893	17.827340	6.075526	0.546043	0.732311	0.718835	0.482957	0.642229	0.666756	
894	27.930817	12.645158	0.850396	0.900427	0.018195	0.910741	0.727881	0.371054	
895	8.659581	9.353780	0.824498	0.770199	0.971219	0.468504	0.201497	0.664856	
896	19.791905	8.320743	0.938338	0.883192	0.772108	0.804295	0.302649	0.210736	
897	0.197642	19.523112	0.586439	0.393788	0.592718	0.717456	0.721778	0.772013	
898	25.267863	6.626553	0.555385	0.527142	0.858866	0.125598	0.582316	0.341207	0.902549	
899	5.362432	30.074367	0.598153	0.552809	0.900155	0.272144	0.513574	0.906728	
900	8.435376	21.946207	0.733568	0.125195	0.585161	0.537280	0.910782	0.999698	
901	12.435657	1.956659	0.455009	0.787667	0.653399	0.476191	0.508112	0.825236	
902	28.794910	14.739060	0.941035	0.768744	0.739984	0.624991	0.017225	0.700219	
903	2.142443	1.063316	0.555911	0.715802	0.781550	0.131096	0.752096	0.657610	0.333221	
904	22.969994	18.890656	0.731446	0.738987	0.011074	0.922347	0.367552	1.092571	
905	10.688182	24.667695	0.896883	0.692688	0.830873	0.352867	0.738665	0.327203	
906	30.504121	24.693436	0.373208	0.678819	0.722061	0.762796	0.848832	0.425858	
907	17.848622	17.876988	0.755043	0.794882	0.927853	0.901713	0.282927	
908	5.644666	16.526854	0.151234	1.027289	0.589022	1.079929	0.471102	0.470214	
909	18.068464	26.654048	0.602673	0.867484	0.554660	0.636721	0.369551	0.769451	
910	29.970645	20.009517	0.686156	0.710422	0.618537	0.664513	0.704546	0.335383	
911	26.179706	29.543579	0.907080	0.511146	0.836195	0.679687	0.732208	
912	29.148879	29.048683	0.771371	0.689763	0.966820	0.341295	0.369106	0.600727	
913	16.044606	8.463046	0.740598	0.892093	0.644130	0.707891	0.697867	
914	7.111172	22.677484	0.963759	1.314999	0.729863	0.372278	0.588753	
915	18.940936	1.733402	0.759498	0.717450	0.904474	0.852442	0.457332	
916	28.144271	8.652782	0.307395	0.477396	0.121957	0.981028	1.138867	0.846008	
917	12.156586	18.039213	0.787855	1.036203	0.637424	0.794023	0.217612	0.385342	
918	21.173821	28.713102	0.712323	0.709967	0.669360	0.641293	0.676920	0.473385	
919	4.553680	28.424923	0.498665	0.597538	0.882097	0.618753	0.682235	0.508087	
920	0.691274	27.335519	0.378546	0.832146	0.215934	0.993025	0.511281	0.830863	
921	22.045028	26.563132	0.620406	0.789354	0.921281	0.630809	0.864299	
922	19.926302	5.170324	0.468664	0.986814	0.417246	0.748605	0.462937	0.659664	
923	6.527020	5.524341	0.662565	0.485815	0.499874	0.706807	0.575194	0.837030	
924	27.055657	15.472866	0.913627	0.597006	0.312531	0.627350	0.687987	0.572058	
925	10.157868	6.026574	0.774785	0.428061	0.608380	0.967102	0.445007	0.563167	
926	10.656876	15.929974	0.706524	0.702722	0.494906	0.566033	0.639703	0.585035	
927	7.413960	8.628781	0.922877	0.209189	0.637021	0.495719	0.201497	0.523806	0.952310	
928	19.017147	26.744963	0.130655	0.867484	0.645538	0.732859	0.374409	0.996807	
929	21.981783	22.807928	0.761211	0.684335	0.559500	0.772380	0.365788	0.603113	
930	19.720754	12.700498	0.330718	0.985006	0.406912	0.530190	0.833897	0.777122	
931	25.408110	9.677676	0.518066	0.728626	0.189439	0.793747	0.659743	0.575576	0.442691	
932	17.495301	18.700920	0.927853	0.480096	0.944083	0.677761	0.427394	0.366153	
933	24.379896	13.591707	0.755973	0.532057	1.055554	0.512098	0.705760	0.283388	
934	10.165916	1.554786	0.581930	0.837080	0.750939	0.694945	0.514361	0.352115	
935	15.119166	14.679530	0.742595	0.683348	0.843947	0.713506	0.385393	0.393463	
936	9.197010	21.132553	0.733568	0.393432	0.832901	0.489434	0.741694	0.274060	0.541746	
937	29.006150	4.737566	0.501483	0.761778	0.561047	0.556821	0.714821	0.752343	
938	16.044448	30.363874	0.536608	0.772769	0.961601	0.811418	0.646306	
939	24.507652	0.806381	0.535686	1.069408	0.527234	0.806038	0.704829	
940	7.399730	30.523885	0.725968	0.570144	0.172581	0.801431	0.580638	0.940868	0.097637	
941	21.369091	18.412362	0.529883	0.819168	0.533728	0.933341	0.856820	
942	7.731769	3.031834	0.840794	0.434988	0.688662	0.676025	0.429843	0.746792	
943	26.337820	1.648337	0.265856	0.754170	0.836332	0.943091	0.838417	0.209305	
944	22.187331	23.760564	0.489550	0.599784	0.636974	0.578136	0.772380	0.659034	
945	4.280933	19.475678	0.589555	0.502815	0.629242	0.716542	0.672557	0.607876	
946	25.257744	21.146767	0.765762	0.569760	0.890055	0.580162	0.940766	
947	16.708685	21.452101	0.786279	0.808762	0.701137	0.951833	0.458394	
948	31.016726	20.256760	0.663806	0.592718	0.557335	0.664513	0.555958	0.709005	
949	5.684194	9.158747	0.788278	0.751204	0.265234	0.814416	0.740456	0.354374	
950	25.341703	13.143217	0.861287	0.428691	0.572936	0.679429	0.755973	0.508163	
951	18.030991	9.310473	0.682048	0.886013	0.360573	0.549713	0.681514	0.629286	
952	18.622969	10.891612	0.788320	0.570750	0.324299	0.735796	0.580593	0.790564	
953	26.152036	18.218672	0.776906	0.795315	0.443408	0.819679	0.433420	0.563525	
954	12.423798	23.701271	0.503596	0.391249	0.254665	0.783753	0.563235	0.845282	0.530052	
955	24.193480	14.414721	1.055554	0.570698	0.787432	0.773396	0.467247	0.171215	
956	17.325329	1.509988	0.597312	0.767743	0.663034	0.573078	0.763330	0.429222	
957	27.996277	10.445651	0.486104	0.921351	0.756217	0.473471	0.504335	0.657678	
958	1.774828	12.708403	0.570685	0.641592	0.991080	0.548992	0.330725	0.768010	
959	24.499746	7.154653	0.902549	0.771427	0.737795	0.686679	0.579950	
960	10.040232	29.861230	0.624376	0.024776	0.375646	0.968423	1.180274	0.707239	0.135389	
961	13.931414	0.487840	0.725534	0.525161	0.803371	0.580504	0.402179	0.771024	
962	28.164035	11.447445	0.775022	0.821048	0.742383	0.395680	0.371054	0.756217	
963	1.897367	18.360975	0.704674	0.565465	0.809025	0.658187	0.969568	
964	27.367932	18.193216	0.433420	0.355978	0.731917	0.929853	0.517682	0.957723	
965	17.542735	12.763743	0.993993	0.499934	0.452690	0.494335	0.818555	0.605210	
966	27.270850	11.953030	0.587838	0.707666	0.742383	0.632831	0.243926	0.850396	
967	5.154196	14.856855	0.696107	0.465440	0.586355	0.704120	0.583269	0.685466	
968	5.296815	19.089247	0.739936	0.800752	0.589555	0.630369	0.897189	
969	1.280722	3.316439	0.818923	0.695232	0.415024	0.534781	0.472018	0.813514	
970	5.134748	27.468334	0.472288	0.707601	0.498665	0.739074	0.841612	0.483787	
971	22.871173	25.903007	0.678533	0.725501	0.620406	0.454886	0.674014	0.533398	
972	29.661848	5.589911	0.601268	0.714821	0.561324	0.714228	0.660126	0.517408	
973	1.907502	27.055657	0.378546	0.416733	0.758002	0.531338	0.665272	0.537004	0.542762	
974	2.419917	21.435973	0.655810	0.636911	0.784952	0.957158	0.676583	
975	17.910350	13.641275	0.795054	0.254956	0.813239	0.993993	0.223644	0.731783	
976	2.300557	5.016163	1.007139	0.634512	0.595462	0.665359	0.255240	0.664298	0.057932	
977	13.222779	8.394266	0.634760	0.840599	0.550280	0.696242	0.567410	0.477580	
978	26.191565	13.791483	0.751492	0.377142	0.679429	0.815978	0.619824	0.488085	
979	15.673039	18.198908	0.233506	0.865926	0.559452	0.703472	0.534254	0.855982	
980	16.171097	0.162067	1.048226	0.506848	0.566380	0.876755	0.286367	0.637723	
981	20.333445	24.381161	0.801739	0.717848	0.700303	0.713313	0.572412	0.286950	
982	22.424501	6.613113	0.801069	0.773812	0.737417	0.474642	0.424522	0.514602	
983	9.392344	10.051774	0.479184	0.726809	0.764847	0.340928	0.702758	0.824498	
984	20.464206	3.569136	0.559594	0.945000	1.092955	0.499201	0.636073	0.133118	
985	26.547321	20.218813	0.968909	0.421795	0.963539	0.579055	0.820304	0.089565	
986	5.641345	11.236205	1.161940	0.898653	0.040146	0.719985	0.960040	
987	16.850987	6.688217	0.768827	0.482957	0.660222	1.200287	0.783941	
988	25.574921	1.201666	0.943091	0.852601	0.378391	0.432106	0.535686	0.749419	
989	10.403894	8.700216	0.774321	0.632828	0.675800	0.759284	0.848805	
990	7.718645	26.410805	1.045698	0.242150	0.605825	0.846131	0.602976	0.447324	
991	11.949457	29.713551	1.002076	0.210335	0.923203	0.796633	0.457445	0.371661	
992	12.115476	5.759298	1.004747	0.208043	0.863362	0.395623	0.847428	0.474955	
993	7.173943	29.159852	1.008523	0.595630	0.097637	0.775316	0.416787	0.877126	
994	20.437168	7.012983	0.937608	0.064446	0.878642	1.068299	0.721214	0.218841	
995	7.948227	23.102810	0.585161	0.004453	0.963759	0.882430	0.866446	0.531206	
996	6.771227	12.044325	0.215613	0.802052	0.869064	0.334619	0.714571	0.040146	0.955408	
997	10.086512	13.337491	0.722492	0.880652	0.813606	1.155100	0.207118	
998	14.613676	28.586990	0.677288	0.783473	0.496751	0.550807	0.651718	0.751159	
999	22.373114	31.527908	0.487004	0.754000	0.362925	0.605000	0.759243	0.242929	0.664018	
