4000	63.245553	63.245553
0.653667	59.344773
0.200683	61.382640
61.450376	0.402998
62.549852	61.862057
4.411377	8.874142
60.478560	9.451257
2.724571	8.740615
1.628573	5.707911
4.324415	15.392387
62.340351	10.826848
61.419338	11.913881
62.327277	11.937598
0.960542	11.601606
4.948158	16.117497
0.090626	18.956273
62.408361	19.405475
61.291724	24.699602
59.351999	28.164035
62.012265	21.661602
61.932436	26.835088
58.958232	26.954306
4.457594	25.790746
57.200591	29.272256
61.863021	31.508935
3.624144	37.764236
2.175078	31.418019
63.138826	33.073471
62.300823	36.227843
0.470389	44.860861
0.487840	41.265826
2.529822	41.904132
3.992376	46.070433
62.626596	42.550027
0.537182	47.569985
62.819417	37.914602
0.310442	43.302017
1.774828	45.939989
3.075315	43.141373
1.108726	52.426295
61.363998	51.956222
6.115766	49.349715
60.296729	50.517386
61.786953	57.521831
5.103126	57.150263
61.913747	61.167779
60.897562	59.604981
62.546203	57.762322
3.415260	54.296307
61.277035	3.703818
5.811697	62.140811
4.039810	2.798616
3.110891	0.462483
2.404485	3.260625
62.514759	7.448713
1.838074	8.115195
3.549451	8.199628
0.168249	7.688794
4.284886	10.174628
4.394412	7.784215
61.273083	13.716379
61.933208	12.886281
0.730794	17.128319
0.304369	10.629206
2.369779	18.682578
5.262109	20.768891
1.907502	15.225561
3.054839	16.993131
0.293929	23.739377
4.435094	26.776586
1.557422	17.922209
55.663993	27.658071
5.300673	25.153547
62.624956	26.120413
1.436523	34.563379
2.624690	25.563062
0.248740	30.710776
0.306586	32.041146
1.759017	33.492473
60.352876	31.912599
61.020100	36.212032
3.857979	38.690467
3.280863	41.493036
5.747440	37.306971
62.715872	38.959261
4.794092	44.054955
1.610063	47.459305
3.616855	48.212876
62.439172	48.714887
3.638643	43.969890
4.727605	51.968080
62.331331	52.199875
0.987198	50.878202
3.012069	53.383200
5.158465	54.845753
0.991252	57.417634
2.897437	59.371763
0.480423	0.958803
58.936950	60.126757
1.549516	56.703591
59.280848	62.573569
61.739424	1.275046
62.275659	1.957134
2.838144	6.553820
60.944996	7.368107
60.949044	5.493493
1.922428	6.793110
10.431563	14.107711
1.490223	12.344741
57.936880	10.795225
62.205954	8.538150
3.363873	14.937809
0.035576	15.720473
5.557703	14.028654
62.696107	20.661532
5.941129	21.665555
60.794788	26.974228
1.679960	30.393441
4.368402	19.048612
1.790640	21.234694
56.140564	24.298783
61.004289	29.405229
5.281004	29.824231
62.731683	28.108696
1.731347	25.938583
3.241335	31.884297
3.328297	35.061754
1.059363	35.532142
0.794522	36.698232
60.011935	30.830310
2.847979	38.045679
61.755633	37.106008
5.597231	38.595599
0.869626	42.434288
60.829494	42.272379
1.459662	41.489399
3.438977	50.386942
2.063386	48.679312
3.208905	47.221344
60.863710	45.636094
6.960964	52.557055
6.577538	47.517175
8.115195	56.956574
1.960612	53.280426
5.083361	55.976267
2.779152	57.750147
57.932516	59.789342
61.824457	60.355231
2.142649	2.239999
4.186160	56.718612
1.575353	1.035488
3.696386	6.928092
4.335657	60.736539
3.295330	3.923928
0.909155	9.455210
2.439191	4.606506
0.450625	5.862072
1.893414	9.308955
5.470740	16.898421
3.657822	9.430908
5.838355	8.617207
9.353780	11.532669
3.371067	11.609211
4.035762	16.750427
2.565398	15.744190
2.481613	17.722195
0.931329	22.997822
61.660462	20.119992
5.253334	23.918678
5.369785	26.257024
5.581420	22.693295
2.170113	20.515276
1.743206	22.748635
9.720051	26.013687
8.171246	28.450380
60.537853	28.009874
2.709139	35.951618
1.288628	39.271536
6.787038	33.761267
3.031834	40.409956
0.202463	35.889954
61.901585	38.180550
5.075456	42.461483
0.490153	37.666680
9.176693	42.376576
62.771212	45.224523
61.541876	42.935825
9.403823	43.398308
4.063527	47.141654
0.332039	44.082151
5.578337	46.194394
12.647087	51.806646
9.438624	53.768365
0.316228	56.992149
0.175468	52.006028
2.438907	54.383270
5.913048	56.432426
1.220562	58.476997
2.442859	56.063230
1.282266	55.773724
2.577256	1.276770
2.653483	62.088079
1.356130	2.896725
2.510058	5.569562
0.126491	0.086963
0.889391	8.565820
2.738612	7.619872
62.287228	14.027785
4.000281	11.103547
63.158591	11.716239
9.127124	7.407635
6.419424	14.582053
7.549938	12.720262
6.640783	13.688709
8.362675	18.343108
5.182183	10.075807
1.145312	18.736495
6.462905	18.906468
7.913600	25.831856
6.162489	24.653907
6.743557	27.503910
1.822262	19.614027
2.848074	22.733930
8.779273	29.575202
0.245077	28.891359
1.121753	31.338646
1.676007	27.915006
61.838340	25.626308
2.446907	32.511693
2.043622	38.401909
61.111016	32.559601
4.423236	35.690256
1.554786	43.284624
6.954987	42.210398
3.695406	42.457689
5.063597	47.125843
3.298097	45.400978
7.636094	41.573832
62.826551	49.699146
2.237311	46.829379
4.245358	49.912600
60.675238	52.696195
61.994831	47.294234
6.048821	55.480580
1.490223	50.216969
5.794289	58.777887
8.127054	51.220992
1.899390	55.171626
1.759017	59.616840
4.945012	59.573358
4.544810	61.920875
5.111031	61.363998
1.789928	60.673167
3.618373	4.935983
7.627983	4.615708
0.825030	4.096778
4.641227	1.903154
10.269497	6.190159
2.707700	12.396128
62.885844	12.929763
6.573585	9.301049
4.529963	12.202439
2.063386	16.764024
3.810545	12.807225
0.482247	16.356881
3.434154	18.632298
5.169549	18.400977
3.857979	17.906397
6.462905	20.760353
5.702235	27.067832
3.387590	30.685952
7.988704	24.847597
11.613259	32.200525
4.791625	27.760529
62.427314	30.025826
5.458882	30.875688
4.435094	32.658423
4.197734	31.524430
6.454999	30.800584
5.553750	36.263419
3.589185	36.255513
5.767109	39.644052
2.059433	40.809193
62.992571	46.908436
3.984470	44.860861
63.023808	47.952778
5.659323	43.317354
5.364013	50.181394
8.463046	48.034998
2.521916	43.829168
61.589405	48.068676
5.260322	53.825602
9.609371	49.655665
6.168465	54.348643
2.150349	52.343601
62.307005	50.363383
3.363873	58.545618
2.114773	61.458866
9.477188	57.169711
2.122679	58.612816
1.158184	7.569702
7.005220	0.476271
5.660477	2.000141
6.375231	62.959732
7.861343	2.045836
7.439258	2.857908
3.680101	13.973314
7.926897	11.902892
7.549938	10.941481
7.743627	17.356952
5.888730	11.130806
7.333006	16.341702
7.846401	13.455491
6.535369	16.974632
5.358511	15.080586
7.859066	15.545836
4.429118	24.096872
7.575963	18.732700
1.000745	20.144025
3.044657	20.911510
11.147029	24.428595
12.213286	27.607158
3.992376	29.096907
0.675937	28.073120
3.565278	23.560866
0.976353	25.302174
2.763040	29.598919
10.115336	30.666188
8.387941	33.373888
5.909506	31.769032
4.683649	38.142128
3.744058	39.716943
7.113101	45.713095
11.548100	42.183677
8.486083	43.687656
4.259430	41.674550
4.141366	36.947894
2.371708	49.635901
7.257427	46.667313
7.146748	49.541032
6.793110	51.454527
3.170183	52.232921
1.233288	45.283816
4.304650	49.019257
7.561796	61.474678
0.877339	53.332603
4.222447	53.606615
7.043973	60.454843
4.051668	59.205743
0.181831	62.510324
9.055973	60.885703
4.996810	0.922330
62.249436	62.727730
4.478576	6.051809
10.123241	62.411502
7.915829	6.346849
2.683983	9.854448
5.408649	3.727250
6.723603	8.146628
9.936114	7.101622
7.872917	8.374249
2.319641	11.594380
6.640783	12.574007
6.942828	17.925687
5.478646	19.289894
5.613043	13.017405
8.917623	17.629698
3.680101	19.878868
14.637393	26.460358
9.814919	21.677413
4.614222	22.951653
14.574147	36.587553
6.002240	27.984102
2.312416	23.705224
4.976540	28.665256
4.083291	29.899335
0.877532	32.899546
8.308695	31.590047
7.728765	29.224663
8.403753	36.417580
6.496852	36.627713
6.384322	38.088053
4.853321	40.193656
7.372060	40.611551
8.000974	39.453525
8.652782	41.868556
10.478998	46.849144
15.360764	47.019116
3.252909	49.198558
60.699920	51.355389
7.573655	47.604137
1.395355	51.553032
0.273659	48.960596
4.150489	55.711427
2.711653	51.446305
7.032115	55.027584
8.605048	54.222943
8.540174	52.998509
5.017080	57.827149
2.719559	60.308588
5.783015	0.557351
4.299480	0.054732
6.790991	1.992235
4.233499	3.865884
6.122090	5.632333
6.368037	1.257005
8.738828	9.407776
6.889812	10.301119
4.930449	11.208725
8.786894	8.281689
7.462975	9.138982
8.862283	12.439610
6.794944	15.526783
4.676218	20.040935
10.194393	12.052231
8.107289	19.606121
6.115054	25.812091
7.063738	23.092533
7.051879	25.353561
7.684335	27.634354
10.526732	28.843609
2.612832	30.579225
11.400011	25.673742
2.710230	27.724637
12.791413	32.555649
6.913530	28.586990
3.581880	32.889743
1.897367	24.875267
5.836711	33.036157
4.895743	36.992798
7.161753	37.523745
5.171130	41.330495
7.437139	38.581685
5.941129	42.153161
5.917112	40.661673
2.620738	48.046856
7.367727	43.722283
8.285167	45.094079
6.202017	46.675218
8.518385	47.003305
2.402114	50.691785
10.263899	56.568088
4.615708	50.882312
5.134653	52.670106
11.609512	59.782859
4.315703	54.603997
4.741393	58.520320
11.116181	57.192954
3.731899	60.174507
8.917623	62.719825
3.183481	62.954466
3.885364	1.081730
9.814919	4.300698
5.083361	2.936965
9.110838	6.345758
3.557562	1.919661
4.684630	13.360623
5.601184	6.545915
5.755345	4.387660
11.652993	8.751603
10.811511	7.726377
11.142981	11.017296
10.129424	11.037567
3.458741	15.957644
13.161969	16.725603
10.818642	17.054005
4.919777	21.842010
8.937387	20.238577
7.907623	23.911879
11.320954	18.934137
14.582053	21.321657
14.625534	28.974369
7.300909	30.116742
3.494317	25.602591
5.045461	32.050475
7.440997	31.142585
7.265333	35.840464
8.929482	32.294761
11.726785	40.313032
2.106867	39.805170
13.738547	36.101985
6.735272	39.187103
6.731699	43.129514
9.471022	36.200174
7.899907	42.796843
6.115766	45.267214
5.608995	51.137666
2.835915	46.021259
6.817713	53.841572
6.469166	50.374767
3.830309	51.458163
9.218814	55.037071
8.684405	59.885633
3.340156	61.249365
12.313119	59.146451
10.431563	57.766907
6.901671	56.264825
7.285097	57.419057
6.910383	3.699391
6.269215	59.861916
63.241600	1.845980
10.818642	3.938664
8.817742	4.540952
12.028514	6.415471
9.787249	8.340507
5.252211	5.556280
11.917834	10.621300
5.142749	62.931352
8.407706	5.537939
9.527326	5.339237
8.836131	13.510626
1.094939	10.648970
8.059855	9.984892
11.661911	15.112035
13.827059	17.206743
4.644089	17.479648
6.739604	11.558125
7.765827	22.571705
6.735651	22.222906
8.645588	23.054269
13.097095	23.917729
9.764544	29.824706
5.850214	29.013898
9.356389	28.871595
8.019457	26.850425
8.240168	30.372096
7.696193	33.883805
9.319074	35.137964
7.254992	34.787110
6.095496	34.527645
15.427678	35.542894
8.830660	37.472990
9.195666	40.170571
10.545421	35.010683
10.344601	43.931942
12.680733	47.141654
9.963198	42.668454
5.083361	44.935966
9.621230	50.517386
0.996889	46.580034
5.763045	48.137614
4.721122	48.032152
3.943202	52.727185
11.008679	58.774883
6.024139	53.106500
7.693490	54.178987
9.593560	59.877727
7.747580	58.197767
6.766120	61.863005
1.047022	1.837600
3.087174	2.703747
8.073943	0.042569
11.775531	4.573444
6.807214	6.486828
10.559177	4.911665
4.913389	7.221852
5.640713	12.127335
15.167074	7.486692
11.312859	9.712430
5.958395	10.011107
11.150982	6.628925
7.166512	19.791905
12.343018	9.719956
12.597724	20.772211
9.700287	13.111594
4.197924	20.961948
6.098958	19.955079
5.972752	15.858822
12.199830	14.085639
8.217969	21.819716
3.850073	28.136365
6.949105	24.159801
6.696123	32.757244
15.514925	28.492122
9.110838	30.930554
5.370085	33.757314
11.210274	29.314314
17.190141	32.064389
13.730847	34.960561
13.190651	33.816607
11.495686	36.003322
9.158747	38.682561
9.312908	44.366756
8.210063	46.074386
9.265885	46.459077
5.921555	44.173540
4.396783	43.171098
5.229617	49.070644
10.083713	45.766063
9.170605	45.437977
7.798967	48.710935
9.391965	52.596583
8.348413	55.320095
5.395636	60.284871
12.641205	56.699638
11.720192	55.256849
6.292933	57.256990
12.000844	61.577452
6.939650	59.148032
8.374249	61.778256
7.737445	59.359588
11.107500	5.605137
10.609442	8.854377
9.526361	3.549657
8.524647	3.036941
9.150841	2.521916
14.910914	11.085333
16.790429	7.530680
5.211671	8.714510
13.024631	5.909506
6.581490	4.767134
10.815369	15.315844
10.218110	18.661391
7.478787	14.514854
14.360693	16.400363
5.917697	17.884261
9.755627	19.641697
9.648900	16.937950
11.139313	17.899598
9.951530	24.536587
12.238015	25.250787
12.542384	23.238788
13.728238	29.701693
6.909577	26.448500
10.553137	25.257744
2.835915	33.469389
8.232057	35.533091
8.516947	34.613501
4.695982	34.658563
10.771508	33.148576
14.921492	42.340052
6.553615	41.310256
13.020678	36.970979
10.573866	38.903921
14.895482	43.332849
11.158887	46.248311
7.747580	44.548587
12.198486	44.639502
11.174699	45.303580
10.265544	53.727097
15.069028	49.981380
13.059827	57.755839
12.103823	54.445883
9.176392	48.936247
7.672381	55.850883
11.237944	2.865814
11.388152	60.830364
7.977035	60.520935
6.107149	61.028006
7.427400	62.617051
10.113201	59.173172
9.897929	0.067198
11.688569	7.648759
12.795366	9.079690
18.124278	7.250945
13.538501	6.743557
7.178370	7.289050
10.668734	12.842800
14.702567	9.569938
9.771438	9.336625
14.716450	8.206111
12.825471	17.767573
9.451257	14.222344
9.038849	19.016199
11.178652	13.933786
12.115476	17.131639
10.771508	19.578452
9.269932	16.085083
12.356600	19.566593
12.300106	26.275839
6.160654	23.487659
12.728168	21.930396
8.889953	27.835949
16.668840	28.754433
10.312978	32.290808
5.272497	35.232991
6.357332	35.438697
4.470670	33.615012
2.561445	34.279090
11.682181	35.143815
10.040232	39.567999
11.407917	39.401980
13.111594	41.884368
12.155005	38.548165
12.147099	46.161348
8.719981	39.548235
13.732191	48.525151
12.498902	45.469600
13.621511	45.694912
8.217969	49.505457
6.522198	58.237296
7.708052	53.213227
10.741609	61.585357
10.202298	54.968291
16.107852	56.264825
10.095571	60.854081
10.900213	0.125384
8.708122	57.905257
12.442788	60.436186
11.840295	0.018183
6.264788	2.986771
13.962231	0.075201
4.609020	4.739464
12.522620	62.360115
13.364576	2.763040
8.799638	1.489920
13.136955	1.783604
13.427822	12.028514
17.155356	4.249311
11.811107	13.198556
10.435516	10.131147
15.945785	14.487185
15.084444	13.036679
8.497657	11.012047
12.079901	18.400503
11.593700	16.396410
12.319380	15.901988
10.518336	22.542454
9.951040	20.771737
15.687727	29.386888
10.395988	27.231164
8.802990	26.238999
9.363172	27.124595
10.601536	26.377349
9.693156	33.117111
4.521678	30.652906
18.205391	32.399116
9.822825	31.642541
9.700287	37.113281
9.857800	38.103390
9.546600	41.119255
13.753884	37.398044
10.490856	40.413908
7.015798	39.964233
14.605770	37.840605
11.131217	41.070081
11.028443	48.011281
16.072909	44.075194
11.675366	51.523939
8.889953	51.750674
13.384941	46.528014
11.779484	56.363488
12.913951	52.632159
6.711934	48.517245
15.524080	56.911353
13.198556	50.873142
14.284989	55.394566
12.274634	50.696371
12.237603	53.383674
7.834543	1.063316
8.925529	0.533634
13.530896	60.588022
12.921857	4.632737
15.586076	62.873986
12.830942	8.210063
12.577770	7.259736
12.775602	3.684053
18.169657	4.695208
13.866588	8.775321
13.593841	9.775391
8.024280	3.913319
15.578265	10.210504
15.866728	6.901671
9.273379	10.340648
13.437656	22.831170
13.024125	18.789147
8.941340	24.187471
12.145850	24.316808
10.838912	20.577099
17.013528	22.936632
19.981642	23.151825
14.155240	25.466454
15.500948	20.024491
8.893906	21.218883
12.368458	31.346077
13.340859	24.875267
10.202393	35.820858
16.594052	32.796772
11.206321	34.192127
12.617488	36.208079
17.151562	38.720509
8.217969	38.065917
8.486763	40.931731
11.743909	37.061894
12.480862	39.534479
13.487114	43.433884
6.821191	44.719824
14.242108	47.588326
10.245780	48.730699
11.491638	50.298398
11.658812	47.142919
11.261661	53.576889
11.474830	48.947789
8.632259	50.393108
10.471092	52.766556
12.838847	48.944152
16.646230	62.792399
3.727535	57.679945
13.708474	56.988196
9.411824	61.771774
11.292984	62.355688
10.742099	59.984929
11.882258	1.838074
11.355281	1.081730
9.772655	1.793992
8.182393	7.293003
14.413424	3.333894
14.910139	4.375802
16.850987	6.621019
14.297732	10.395023
17.649462	8.245639
13.985173	11.372341
14.048419	13.285519
17.942131	16.102476
11.724144	20.218813
10.562007	23.638026
14.688780	24.705294
8.828020	15.335023
13.315450	19.993817
9.055973	25.155919
7.206341	21.339366
17.609934	33.116953
11.073759	31.532177
7.795789	32.611937
10.862424	30.290667
12.740327	30.299047
15.491208	32.342195
14.692733	31.828325
11.926024	32.908875
15.851881	37.343811
15.605840	34.567648
10.783367	36.563835
16.969572	36.868205
15.566106	41.557546
13.672898	40.943590
16.148803	46.132571
11.732050	43.113703
16.016146	38.857435
9.395917	47.853167
7.457710	50.521497
13.226226	47.774110
7.806873	52.019468
13.299813	58.739308
10.684261	51.778502
10.956486	55.893258
10.907834	54.543281
12.974983	53.880152
20.028444	59.934807
14.178862	61.383762
16.364787	59.648462
8.696264	56.418986
11.779484	3.565278
9.712145	58.367740
12.281496	5.356108
16.064371	4.695982
16.756119	8.680452
19.199294	1.617775
13.941692	4.921295
20.370286	11.495686
13.028584	10.783367
12.438930	12.377234
18.894609	12.716594
16.799600	11.985032
17.862916	19.001336
11.771579	21.396761
8.397397	16.642435
14.012843	23.871243
11.343707	12.145850
10.028073	28.146327
9.311358	22.380862
18.179144	22.357303
13.094533	29.075562
11.211903	27.992166
17.704802	27.140248
17.214649	28.104743
6.426744	29.715765
13.653719	33.101774
9.162700	33.848230
10.162770	34.097259
10.739885	37.599481
19.756330	37.386028
19.313611	36.429439
10.437540	41.650833
19.985595	38.227984
15.669086	48.363084
14.348835	44.058433
10.419705	44.837144
16.352928	47.517175
14.574147	49.074596
18.783929	51.434446
14.550430	56.494090
15.071494	47.922737
13.439680	49.711005
14.479279	52.470092
14.718094	57.547603
13.707699	51.847914
11.905975	58.359834
12.048278	57.561359
16.133624	54.129655
16.107852	61.956925
16.728449	57.134452
16.416174	61.051723
19.353139	7.498551
15.999860	8.215835
3.573374	5.786968
19.535128	8.560444
14.414721	6.756333
12.249873	11.490926
15.385983	8.982371
24.262575	7.862213
12.695738	14.933651
15.811388	17.437748
17.550641	12.427751
15.801743	15.713041
15.174980	22.033170
18.677202	15.040583
11.386129	23.225348
15.155216	19.325469
9.590208	23.402910
16.475467	21.460007
12.107871	28.563905
12.996961	26.780539
16.734931	24.995433
16.630893	34.038757
19.072961	34.438469
14.203892	31.126141
17.273942	35.804889
14.386340	32.861283
17.394424	34.505509
15.352858	38.366334
12.618705	37.803448
13.364576	39.872368
13.253896	38.781383
11.357842	38.196678
10.767555	42.864674
12.664922	40.722231
12.083553	41.525133
10.738241	49.692031
15.763954	49.268286
15.265895	51.074737
21.412889	46.325470
16.950915	51.095924
17.487395	59.280848
16.710108	55.776728
15.277280	61.562273
14.039359	50.224242
8.684405	58.873704
12.489068	0.942833
17.413714	0.399079
14.083994	58.237296
14.293495	2.300557
16.178371	5.836031
16.325258	2.296604
13.649181	62.356163
7.257427	5.510269
18.918326	2.585162
14.025508	5.811697
13.637322	7.700146
16.783789	10.376224
18.115582	10.078796
18.131710	11.463257
14.645298	14.119570
16.795647	14.502996
13.360623	13.985173
13.916046	22.073172
15.079606	14.901222
15.222414	25.507722
7.858260	20.653626
20.835457	23.914725
13.518737	21.155638
14.966080	23.885316
9.874212	17.930114
18.797369	29.561288
20.396691	31.666258
13.993079	28.389348
12.044325	29.587060
12.049938	33.728221
13.478197	30.732912
19.914444	35.014319
12.679516	35.358691
18.119851	33.871947
18.183097	37.053988
14.416033	40.160926
12.651040	34.501556
15.288838	36.587869
20.222766	42.564257
12.664922	42.714465
16.900002	46.734827
15.953691	42.580069
18.104040	49.580561
12.602483	43.836125
9.814919	51.624183
17.799987	48.753783
13.795436	53.201369
9.642923	55.897369
13.107641	61.510253
17.187770	60.283922
18.323818	0.904411
15.791624	58.703732
10.076724	0.938564
15.210556	5.249381
18.060558	2.798616
15.330959	3.164302
10.246997	2.787263
14.706615	60.620452
10.743838	1.913178
19.349186	9.755627
17.536411	9.379395
22.301963	5.273098
9.900933	15.088586
18.168866	13.117365
13.887664	18.302631
15.388434	16.756119
10.403894	16.222484
16.802604	15.578265
18.538853	19.665414
15.574217	21.011754
15.870681	13.593841
19.076440	23.139967
10.945434	21.661602
15.850917	23.424572
19.262224	20.452031
19.230601	26.195518
13.459444	25.993922
13.850776	27.199541
13.441609	31.883032
16.752166	29.867712
15.748143	30.393441
18.902515	37.686444
19.266177	39.125280
20.119043	36.177721
16.495231	35.132905
16.348501	43.325259
16.534759	41.718348
14.929903	40.797335
13.957503	42.615644
11.352577	44.074245
17.519018	44.837144
13.388293	44.576256
16.728449	48.572585
10.098085	47.544054
15.155216	55.592841
15.230320	46.038810
14.957573	53.489927
17.744331	60.960808
16.164298	51.697390
23.373185	61.067534
16.071644	57.813709
15.153872	2.103705
12.894393	63.235434
18.416156	61.609707
12.424099	2.657531
22.001547	3.269005
17.997313	5.620949
17.803307	62.576461
17.344302	2.373637
18.519089	9.083643
20.357162	9.123171
16.121608	11.142981
17.328965	11.035195
16.191178	12.635608
15.447726	11.969221
22.515417	11.953410
13.000914	13.048348
21.440243	16.443844
17.092111	13.340859
11.909928	22.519370
14.708544	17.653415
16.760072	23.883102
20.852849	29.836880
16.677062	27.124437
3.800520	22.577556
20.629909	25.072909
16.981747	26.318214
14.621486	22.944696
19.644701	27.894926
15.344952	31.029850
14.556612	35.196625
15.096018	33.383217
19.300013	42.806330
17.139545	42.817240
21.416525	39.172715
19.281988	44.671125
21.640415	40.860896
17.815482	39.338734
23.045098	43.212524
17.254177	43.892414
18.451890	47.789921
19.389189	45.559092
22.267652	46.998403
12.276958	49.611077
16.016936	55.051301
16.854940	49.465928
17.712708	51.841589
16.794540	53.586376
15.056395	54.501855
13.479209	55.913022
15.760713	60.377209
16.013774	3.765798
13.174128	59.761039
13.589888	1.000070
13.803342	3.873790
20.337873	0.265551
21.204653	3.885364
20.151456	1.218288
16.629628	1.474412
16.467561	9.605418
21.527205	9.656805
23.111032	7.461758
20.076510	13.273660
21.357233	7.743627
19.076440	11.704380
13.419916	15.704661
16.720543	17.550641
16.590099	16.451750
18.670878	16.785212
19.965831	19.353139
14.058633	19.338118
15.917483	24.571214
14.986366	18.529682
15.982942	27.714201
11.494879	26.914936
18.371568	27.894926
18.617910	25.408901
16.474202	20.439224
17.512061	29.459937
16.724496	30.824301
19.811670	29.772844
11.728097	30.626659
22.325680	38.923685
19.665414	40.259747
15.130724	44.451188
16.657930	39.730857
14.321465	45.202387
18.783929	41.955519
20.467684	45.773969
20.222766	44.769946
19.226332	49.507038
16.032748	50.438329
15.712061	45.032099
12.099665	48.114055
22.608388	48.874582
17.906397	55.652134
15.655203	53.016376
16.811459	58.644439
22.238085	0.048225
17.795876	3.731962
22.913073	60.092920
16.985384	5.284957
14.128060	59.514382
19.488485	61.809089
19.981168	2.398066
17.259553	61.843739
21.124015	4.968729
15.112035	6.241451
17.681085	6.462905
20.540575	5.848190
24.183518	8.905764
25.235450	6.638759
22.198715	8.029355
18.856029	6.353474
20.436219	10.000703
19.496232	14.236036
17.681085	14.198627
18.292986	20.618367
20.913565	21.485305
14.718774	15.687727
16.595949	19.490540
22.612341	19.072961
17.911141	24.428595
14.329071	20.337398
18.146414	28.882821
17.508108	25.251578
19.946066	32.587271
22.146063	27.919275
21.645791	30.436922
15.910684	33.493738
23.871243	33.504332
18.967816	33.186523
24.432706	35.695158
16.633580	37.860369
19.897209	41.655261
24.227000	40.611551
14.451609	34.156552
14.111664	38.528400
18.345163	44.256076
17.410710	45.936194
25.539187	47.964479
17.969643	46.845191
20.618050	51.750674
19.052723	48.544915
18.906468	50.351366
24.991638	54.778713
17.467789	57.678838
10.645017	50.813849
17.128319	54.882910
15.155216	59.668227
19.076440	60.719684
22.908330	58.402841
13.360623	54.778555
20.508161	56.760829
19.392668	0.478295
20.175015	4.648928
16.443844	0.529682
19.420338	4.134678
22.124085	6.909577
19.665414	5.759298
25.677695	2.735370
19.920452	6.839390
23.427260	9.472650
23.993782	10.467139
13.799389	14.827129
17.064441	18.507230
18.752307	13.886352
23.950300	11.498832
20.068605	17.720613
19.328474	22.150174
22.624516	14.394451
14.767426	27.688113
21.460955	28.673320
20.372974	22.313822
26.424783	25.689553
17.062069	22.194762
15.851881	22.508144
20.090108	30.633616
23.283218	25.519897
17.674286	30.542384
19.238507	28.717434
14.684827	30.049543
18.077002	31.323941
23.072768	36.769383
17.692944	37.864322
18.007590	41.157834
14.212003	41.654944
23.740800	39.753783
20.232569	43.645440
14.502996	39.346640
19.106640	47.162209
22.377067	51.276332
21.037052	48.240546
14.421140	46.437257
11.637182	52.533338
21.811810	53.636182
18.428173	53.541314
14.434991	51.149841
19.072013	59.502839
12.630864	55.589205
23.926583	52.319884
20.903762	60.470813
14.644824	1.220639
20.127107	3.488625
24.864357	3.758098
22.914654	2.581209
24.954324	4.834332
20.847315	1.849932
20.894750	2.913248
18.855081	10.660829
18.641627	8.091478
21.610847	5.941430
14.463373	12.314637
24.663868	12.423514
19.784000	12.404034
16.099946	18.606051
19.946066	15.032677
20.863127	12.324977
20.452031	16.099946
21.793311	17.410710
22.440313	24.792257
19.928358	21.246079
17.894539	23.412713
24.609793	28.084504
15.416104	26.792397
13.123452	27.962440
20.950090	26.491981
20.383251	28.863531
20.788023	35.358217
19.754590	33.749566
18.751990	30.463960
20.234624	39.232007
18.655541	40.066374
20.535041	40.991024
16.214737	36.250612
22.295955	42.719683
17.830186	42.260679
20.724777	40.042341
21.205443	43.755013
19.141899	43.686075
20.070344	47.679400
23.104391	53.829871
21.226789	51.011492
20.119043	49.998456
22.234290	50.023754
25.349608	53.948457
19.332426	54.133766
21.626026	52.051090
15.420151	52.135049
18.131710	58.154286
14.925539	0.330458
19.135733	62.585428
19.943537	58.924459
14.672968	62.439172
23.013634	1.623708
24.683949	2.726453
21.331935	0.750076
19.021100	5.205900
21.195166	10.688498
23.114985	4.725170
23.930536	4.466717
19.855151	10.814990
23.240685	8.361789
21.167496	13.380387
25.365420	10.336695
19.182534	15.845841
17.594122	17.005148
17.447867	20.013265
20.590380	14.190721
25.385026	21.158325
17.989407	26.084838
26.041357	24.317915
18.871524	18.721000
18.679732	23.937968
19.782418	24.230004
25.539345	26.333867
20.702799	34.272133
21.293987	36.215985
23.807998	27.586920
18.939197	31.997823
18.119851	36.231796
22.875126	27.148154
21.898773	33.045802
24.817871	39.789991
16.020889	40.615504
20.705013	37.117234
17.574358	40.200455
16.587727	45.173927
19.036912	46.232499
22.614238	46.153442
19.997295	48.575431
23.751551	41.423782
18.649532	52.604489
17.586217	52.738886
19.914444	55.988126
19.543350	53.314736
21.337469	56.158098
19.283885	55.143165
23.159889	54.840377
18.329984	54.767645
18.521618	58.832595
26.549693	3.144885
21.681366	61.111016
19.993501	61.024053
18.518140	57.124285
24.001687	2.166160
24.642049	0.952636
25.890200	5.713303
25.709317	0.762899
20.406336	7.888333
22.780258	5.992516
25.997875	9.431493
20.915304	15.335118
22.436360	9.008538
24.689483	13.819153
22.644754	9.987532
23.282269	15.827200
17.894539	17.878727
22.396199	18.088544
17.696896	15.131499
24.072839	20.029076
25.250787	31.124718
19.784000	16.704732
22.311450	22.693137
18.773019	27.128706
23.827762	26.488028
21.926443	29.575202
19.458127	31.369320
19.424291	25.029428
16.269919	31.654399
24.424800	30.452418
22.916868	30.109152
23.804045	37.947332
25.349608	40.769665
24.154742	34.374274
20.934278	38.287277
18.508969	38.616470
18.178986	43.144219
21.207025	44.667172
18.254248	45.489364
21.633932	45.378684
25.839445	44.115829
22.444266	57.561359
21.124015	52.861424
17.665274	54.011702
19.435517	56.970962
18.870892	56.023702
15.647487	1.070115
20.286011	54.640205
20.752447	58.395410
20.309570	57.636621
22.571705	61.467721
18.262153	60.039794
14.921492	58.642068
21.052864	59.371763
26.895172	5.802780
20.998789	6.760380
24.756681	5.786968
16.576818	3.168065
29.389418	11.099595
27.166653	7.244320
26.836827	10.056454
28.290527	3.909366
28.342862	11.120039
20.852849	19.125772
23.515487	19.278035
27.012334	18.065460
22.486640	16.672951
20.250436	25.831856
20.086313	20.217390
23.208904	17.260818
23.618261	22.578662
16.056465	25.989970
25.088720	24.559039
23.270411	23.440383
22.664993	26.163737
23.152142	31.778993
25.334904	29.981871
21.931186	26.739429
21.713621	25.577767
22.558898	28.990180
21.856398	36.965919
28.369583	38.291230
22.712427	37.791115
21.764376	37.876181
25.942535	41.651150
19.052723	41.062175
21.124489	41.902234
21.862248	39.956169
22.585145	45.041269
23.902866	47.544845
25.910913	47.003305
20.626272	53.769946
24.578803	53.217180
24.499746	51.390965
19.324363	58.070328
17.167215	50.240686
25.194815	60.632563
20.942184	61.719754
24.101141	55.302228
23.512325	57.320394
24.361397	61.186120
23.847526	63.206025
18.566523	63.229742
23.402752	6.581016
23.897490	3.322415
27.775391	6.445022
23.897490	5.580614
24.298783	6.882002
23.404808	12.210345
25.219164	7.741493
26.422411	8.316411
23.056957	10.929622
24.025405	13.202509
25.928621	14.941762
23.758508	14.286712
27.886862	14.491738
28.971523	14.856918
23.045098	15.076159
24.325821	17.420197
21.063615	20.427049
23.468053	18.313540
30.367510	23.854009
24.223047	23.859385
22.143849	23.736847
24.855502	27.084908
25.215370	28.948280
24.732648	32.759932
21.649743	35.132905
25.369373	32.116882
23.962159	36.899827
27.529999	35.468264
24.270481	31.560005
22.739464	40.074122
21.201491	42.850918
24.744823	41.603715
15.610710	39.676465
25.112437	43.291581
23.939232	44.689782
22.153336	43.973052
21.930396	47.868978
16.681015	52.481951
23.642136	51.186365
25.234659	50.324487
19.507300	51.865306
24.847597	55.996032
26.235046	56.596864
26.942606	51.477927
17.641557	56.569194
21.977830	60.269059
24.159801	60.146521
24.653907	62.364068
27.246975	0.019764
23.025334	3.636619
30.530210	56.400028
17.942131	1.575353
25.812091	4.684124
30.832207	60.091181
25.162401	8.742891
27.355757	13.648469
18.906468	3.506175
22.093411	10.838912
28.701781	10.161853
28.930888	13.957503
27.476240	12.574007
25.952971	17.013528
25.997875	18.234484
21.618121	14.653204
24.819927	14.827129
23.850056	16.538396
17.452294	21.247027
21.231532	23.105814
26.318214	28.346657
27.899195	24.306057
21.432495	24.619122
28.243092	30.322290
21.234694	27.436712
22.199189	32.081307
18.934137	35.492614
21.230742	31.219586
20.706910	33.262734
24.339419	29.301823
25.037333	34.800866
25.512307	37.648497
26.357584	40.797335
26.577363	39.230426
29.958786	42.997331
24.023665	42.642524
24.653907	45.532845
24.895031	47.129796
20.650147	49.292952
14.143287	54.177722
23.385043	49.592419
21.281812	50.123998
25.088088	52.218059
20.100227	52.632159
25.863478	58.739308
26.863549	53.130218
27.211399	57.051442
28.843609	56.712129
23.931169	58.276508
27.031624	60.601889
21.432337	54.691592
26.233465	1.714113
23.757560	1.062448
21.914268	1.397958
27.697599	62.514276
28.634424	8.399800
22.088509	4.348132
26.030605	7.589466
21.207025	8.739745
24.717785	9.685440
31.017991	15.408198
21.594404	11.716239
19.000071	17.605348
26.480281	15.909735
24.112367	24.955589
27.610637	19.297799
23.305986	20.645720
24.578803	22.946277
21.373044	18.416315
25.527486	15.748143
28.527697	25.108485
29.100860	27.373466
23.278316	24.408831
20.545160	27.884016
19.883769	26.852955
23.819856	32.448922
22.373114	31.056887
29.330125	35.654681
18.138825	35.068552
30.700498	34.410008
27.381372	37.690397
23.211118	38.797194
27.023244	40.081869
17.096064	41.093798
26.618472	42.062246
28.314244	42.623550
29.827552	43.999931
24.630190	49.272239
17.463836	47.810160
20.044888	46.766134
22.926513	50.517386
24.444090	46.360097
23.128108	44.196783
22.843503	52.035279
25.764657	53.078831
21.043377	47.115882
26.148083	59.901445
26.459726	57.608161
21.776235	58.340070
21.847386	62.292917
22.902796	62.435220
26.401066	62.316634
25.175683	1.822262
24.976143	0.059775
21.975932	2.284935
29.808578	8.487474
27.534110	8.191517
27.017710	11.297237
30.250506	7.538791
28.274715	7.383918
28.318196	13.269708
22.044712	15.651251
25.673742	13.890305
26.464311	12.079901
21.852445	20.923052
27.697599	17.764095
19.839339	18.459796
24.887125	16.475467
20.811740	17.313470
27.887336	25.903007
28.223328	22.981853
26.403121	23.144394
18.578381	21.479771
27.175824	28.780680
27.015180	33.801902
26.175753	26.938653
27.140248	31.725551
29.758140	26.441701
21.169077	32.293812
25.634213	36.164598
27.185943	42.978041
31.646494	33.974721
31.089617	42.080587
27.428806	40.931731
25.790746	39.745403
25.897315	46.019520
23.452242	45.647478
26.892800	43.895892
28.464452	52.106430
26.203423	49.754486
32.808631	44.291651
22.361256	52.849565
18.052653	50.821755
19.973736	50.881048
24.132131	54.213298
26.811845	55.685022
23.092533	56.098806
22.242670	55.573077
26.124366	61.063582
26.970908	61.743471
24.883172	58.324259
30.571952	2.678291
20.293917	62.423361
27.017710	2.000141
27.630401	0.917061
27.555297	2.857908
34.807665	4.295432
28.567226	6.071573
26.180022	10.745657
32.144552	11.684616
30.911264	8.532363
28.294479	15.534689
26.990040	9.103407
25.516102	22.477311
33.769173	14.127475
24.365349	15.554453
28.606754	23.815904
22.604435	21.478348
24.582756	21.882961
29.581526	20.191933
30.041638	20.954042
29.598919	22.088509
23.202264	28.238823
25.385658	25.364787
27.887810	31.227492
29.203634	30.270903
27.958487	39.394074
30.201807	29.731418
27.357655	32.994415
23.545529	30.733860
26.484075	38.141021
32.025967	35.824653
22.717012	33.998438
23.143920	42.074104
28.867642	44.441860
25.559742	45.218515
23.373185	46.738464
26.183659	43.054410
21.649743	49.058785
31.030798	47.567139
27.643525	46.146960
27.178195	54.030676
24.166284	50.278317
25.487958	56.470373
26.252755	54.207922
23.727202	48.806435
23.994730	56.343250
20.748494	55.426822
31.166618	58.252791
26.824020	59.419197
30.571319	59.146451
26.997946	58.351929
23.271676	59.356331
31.458813	62.067412
31.310502	3.300627
29.504051	2.498199
29.460569	6.640783
33.101141	5.585373
27.934138	9.238088
31.108906	10.032326
32.614941	13.993079
22.191283	13.696615
30.393441	11.822966
26.495618	13.090675
24.673671	18.443984
22.508144	20.109398
26.828606	24.428595
25.733983	19.158185
40.765712	19.582404
27.980149	26.966481
27.930185	21.948895
24.586709	25.986649
27.041427	30.583178
28.146327	28.819259
22.901373	32.982240
23.622214	29.235257
29.049473	34.456968
28.158501	27.862512
27.369513	38.726043
34.216161	33.846016
26.069026	34.200033
29.010103	37.679329
24.254195	38.873721
34.827587	42.867045
27.941885	44.640134
24.611058	48.190265
27.444617	49.410588
22.069061	41.784598
29.939496	44.964110
29.341984	49.011351
25.473728	49.109856
27.306268	48.398660
23.479912	53.106500
26.285484	50.768787
32.441016	48.268216
28.990813	54.960070
27.392282	52.333640
22.400152	56.710865
21.185205	62.959683
22.271763	54.555298
22.037122	59.249225
28.527697	62.079463
28.488169	0.039528
25.978111	3.865884
31.867695	60.922054
30.688324	1.173692
31.450432	6.225228
31.211997	2.053551
28.766607	1.716959
26.553013	14.232273
28.942746	0.885438
29.930958	14.119570
24.823880	11.170746
28.643753	16.387872
25.543140	12.793722
27.357655	20.116039
23.090635	13.117365
23.271676	21.945100
26.175911	21.773072
21.558828	22.116179
27.266739	25.167777
26.286433	29.385465
32.033873	30.598989
27.306268	23.282269
31.900425	28.616557
32.856065	23.053004
31.663254	32.920417
33.279020	34.022155
27.930817	34.057730
33.358076	36.820771
21.601835	33.896138
22.360940	35.995258
23.452242	35.852323
24.942465	44.410237
24.700235	37.835862
24.120431	43.669790
29.085049	43.224383
29.175964	51.300049
28.365631	50.549008
26.491981	48.718840
30.968027	50.918679
27.655699	47.111929
25.543456	51.332305
29.966376	54.612851
27.976038	53.286434
29.739640	57.267584
30.943677	57.133819
30.215563	58.126616
28.092252	57.620968
28.037544	60.383692
25.381389	61.723233
25.887196	62.885844
35.516331	7.443211
29.195729	4.237452
31.734247	1.060174
27.359710	3.857568
27.642260	5.067550
27.745034	10.388082
30.582862	5.921159
34.027214	7.483419
30.251139	15.020819
29.160153	19.475678
26.962212	22.184168
30.547602	19.985595
28.175894	17.194885
34.283043	18.776024
26.601712	20.925740
32.057590	22.681437
25.388821	23.560866
31.464663	24.428595
27.100720	26.547321
31.254529	27.945680
27.638307	29.646353
31.120765	30.120695
30.132869	28.782735
28.022840	32.635022
27.029568	27.634354
29.836880	34.110066
28.157711	35.932329
30.053496	37.413698
28.470144	41.458567
33.367880	34.952813
27.250928	36.662657
27.610637	41.983189
29.270833	40.856627
26.669859	44.758087
29.265299	48.040215
27.021663	45.402402
23.017429	47.857120
26.183659	52.244780
35.245956	54.393073
29.614730	52.126194
33.006273	48.928341
27.922912	51.280285
24.570423	57.219043
21.440243	57.284660
28.049403	54.584865
27.282709	55.053989
25.215211	59.691944
30.492262	61.917397
27.822035	61.305654
29.994204	60.814552
31.713692	63.138826
28.693717	3.000211
29.338031	62.561711
30.678046	4.087244
33.259255	2.996258
35.468897	3.676148
31.014038	5.221711
29.098805	9.299800
32.021856	6.897244
28.839498	12.298430
25.511043	11.730833
33.006273	15.957644
24.669719	19.364998
25.215370	17.591118
30.468545	22.665625
32.593754	20.633862
21.955536	12.857900
21.675832	19.527065
30.508074	24.764587
33.484568	25.294268
26.228721	30.343635
35.184292	24.013546
29.069237	29.377559
34.681648	27.104356
25.602591	27.911053
30.016498	30.764693
26.492139	32.581579
25.754380	35.253388
33.282972	41.141232
24.898984	36.706138
29.557651	39.935298
28.081026	43.627573
29.314314	42.006906
28.381442	45.486044
35.931380	46.303651
28.243092	40.330899
30.768962	43.999141
32.041778	49.473834
34.717540	53.621794
37.737199	51.338787
28.725340	46.422236
34.294901	48.635830
38.058012	52.742839
29.062913	58.005185
29.413135	58.917186
28.638377	59.620792
26.634284	0.747088
30.863830	0.312275
34.054252	59.055535
30.340473	62.803941
32.851005	59.032403
28.034382	1.995713
29.488239	61.577041
22.894890	0.541540
32.041146	10.545421
35.018114	5.981970
33.698021	3.703818
26.397113	6.672406
31.020679	14.212003
32.033873	15.807435
27.461061	16.210784
27.209818	15.075558
31.417229	12.494950
31.802078	25.639589
33.982626	23.041146
25.238929	20.064652
28.824161	22.388926
31.361889	21.894820
29.571249	23.246694
30.722318	32.156885
32.516753	27.757050
28.942746	33.421322
29.135487	28.361203
28.824951	26.194885
32.152458	29.741221
29.923052	32.966745
25.855731	33.181621
26.844891	34.847825
31.883665	37.915709
25.435148	38.763041
22.535181	34.935262
28.930888	39.362451
30.164176	41.860651
23.476117	34.848616
31.184011	46.398519
26.626378	47.667383
31.385606	48.631878
30.683738	45.573481
30.235327	49.908647
28.320568	47.565874
39.508707	47.880837
31.195869	54.430704
30.603416	52.198452
28.350610	55.785266
29.846841	53.143657
31.112859	55.284519
24.302104	59.170168
23.811635	62.113616
27.725269	59.340140
32.614941	61.727660
31.614871	59.292706
33.342265	62.945137
28.563273	5.083361
29.222134	7.545115
34.628838	6.874096
29.542156	5.678597
29.789446	10.130578
30.627450	13.170080
31.655506	13.507163
31.085980	18.386905
31.867853	14.799459
29.418827	18.474184
28.454649	20.198100
27.675938	21.067726
26.216547	20.199997
28.332743	18.833735
31.361256	20.706910
30.844066	25.519581
29.449659	24.505754
32.127476	23.877252
30.012703	27.806856
32.492403	31.401417
33.160434	24.025405
30.792679	31.128671
28.740044	32.314999
28.456388	34.897473
31.200454	37.224277
30.148365	36.563835
30.379053	40.837654
28.235187	37.026319
26.275839	37.181903
31.057519	43.101845
35.403280	39.299364
27.171871	50.339508
33.070942	42.202967
26.763779	46.556475
31.915287	45.244288
33.444881	47.814429
28.813409	53.054955
31.978533	43.765923
32.453823	54.200332
31.802078	52.592156
33.047857	54.912161
30.069308	55.525643
28.982275	53.976127
29.719402	59.773056
34.342335	56.505949
31.057519	60.948949
34.093306	0.450625
32.626167	0.500747
34.365420	62.793510
34.487010	3.111602
29.913882	1.652088
32.768154	9.833466
39.654962	7.968940
32.666328	7.565749
33.923334	6.126913
36.734440	11.316717
36.194640	12.203688
34.725287	14.721952
29.602872	16.890516
31.863900	20.017218
31.172152	17.483443
29.492350	15.748554
31.267969	11.374064
38.014530	17.819435
32.264877	21.640415
37.820841	22.333586
35.014319	23.266458
32.589643	24.866412
34.033065	26.159784
40.299276	27.646212
29.681138	25.546934
33.365982	32.970697
31.180058	35.168480
34.883401	37.640749
29.543579	38.453296
32.203845	36.848440
31.701834	40.058152
31.974580	42.544493
41.852745	35.484708
36.330617	44.627643
34.883875	40.247889
32.116882	41.572093
32.476117	40.694086
33.866729	44.298292
38.797668	43.429298
32.073401	46.106008
38.840675	46.086244
33.795894	46.992553
28.262857	48.592349
32.237840	55.303177
32.585690	52.135049
33.140670	52.991868
32.136647	58.308447
27.772071	56.452506
25.570968	57.687850
35.567718	51.307955
37.491173	3.788725
31.817573	57.262366
32.986983	60.944791
28.958558	60.759212
36.489838	3.415671
31.579295	4.474623
30.705716	6.945152
30.409253	9.273379
32.311204	8.601775
33.005324	10.958067
30.398343	16.279880
32.281637	16.857944
27.942676	11.878305
32.124788	18.436079
39.093658	14.269778
24.293566	21.011754
30.219516	18.922279
33.472709	19.641697
34.508355	19.953972
33.152528	18.542806
33.793838	27.246342
31.164246	26.452453
32.816536	28.942746
39.364507	27.733491
35.619896	24.852814
29.732999	31.954025
25.041286	33.717786
33.615012	31.792749
30.725480	33.334359
30.168129	35.401698
32.920417	39.742557
29.108766	36.551977
29.422622	46.880766
32.863971	37.797124
36.559883	42.125491
22.973947	40.908014
33.676202	43.069747
31.336907	44.598234
32.935122	49.956081
35.161049	47.131377
30.342054	48.916483
35.535147	49.279512
34.429298	51.011492
31.642541	51.612324
25.883243	55.328001
34.675165	51.928868
35.204689	56.027022
32.078935	53.521549
28.146327	58.532495
35.990198	56.460096
34.097259	2.047575
33.002320	2.197783
29.768891	3.482458
32.690994	56.258137
33.654540	1.158184
36.514662	7.579821
26.816115	4.680171
37.053988	4.553680
38.397956	5.783015
34.737620	10.162770
32.727518	17.609459
35.085471	9.281285
35.878412	13.121523
31.330266	16.629628
30.211610	17.609934
26.816589	16.948543
31.316668	19.198662
36.251561	15.586076
38.448079	24.404245
38.257551	25.470565
37.260169	25.961035
28.915076	31.373747
34.286996	21.934348
35.545266	26.200261
31.618824	31.832278
31.120765	29.049473
33.275067	22.155708
34.045872	35.607246
36.267372	34.638799
31.124718	36.184362
34.662516	34.832488
31.424186	38.951988
34.567173	43.668367
34.312610	36.769225
36.528260	43.505035
33.015444	46.106483
32.757244	43.275770
29.480333	45.718629
34.018202	41.999000
30.301893	46.784317
33.926970	49.526328
34.749479	49.754486
37.235819	52.153864
35.883946	55.233132
34.057730	54.553242
33.666399	55.652134
31.150332	53.220817
34.662516	55.331953
33.326454	58.253107
32.306619	59.996313
38.079041	4.757647
32.369865	3.703818
33.828465	61.929255
29.721457	0.415049
35.164528	2.514011
39.229636	4.710639
32.218550	5.620759
32.381723	12.755838
33.448992	9.269426
31.788796	9.380106
34.189281	13.329775
33.784984	15.250084
32.931169	14.846894
34.536025	17.218602
36.994696	14.886422
26.701482	19.068534
32.607036	19.357092
35.407865	21.601835
41.615574	19.361045
36.476873	16.791694
33.773125	20.554805
31.848089	27.001898
32.735424	25.948069
36.248556	29.376453
33.445197	28.077389
34.401628	30.037685
35.136858	29.231304
26.539415	35.931380
34.298854	39.398027
33.772809	40.201403
34.927357	35.919521
30.749356	39.822088
32.974808	35.975019
34.460921	41.054270
34.990602	41.805311
35.061754	44.493247
37.284519	47.338822
25.116390	42.418002
37.219534	44.468581
32.575413	47.094220
33.504332	51.730910
31.126141	49.755119
35.076142	57.243076
35.634916	45.362873
29.270833	50.161629
38.579787	50.979869
30.468545	53.723145
34.915498	61.984595
38.030342	58.676062
33.468756	56.877517
32.733527	57.426962
35.860229	57.656227
38.176597	0.249029
29.866131	4.772336
37.472990	5.731628
32.535884	1.513940
36.579647	5.498410
38.921155	6.962798
37.382075	7.806873
32.569404	4.550850
33.051652	6.661986
34.081447	12.281496
29.785177	12.242252
34.302807	16.099946
30.509971	21.521671
36.692066	13.734705
37.449273	19.562640
34.919451	20.890797
37.039126	18.566839
28.816255	21.187260
36.437344	26.563132
35.812795	28.427769
33.405511	21.274223
34.908699	25.738094
35.524237	30.144412
36.900302	35.411660
26.183659	31.468616
37.008768	28.227439
32.573357	33.695650
38.257551	39.408937
35.735635	42.361081
33.836371	37.832699
37.216530	42.750515
37.670633	36.986790
37.787163	43.511676
31.786899	47.513222
36.903306	41.192777
31.887617	50.560867
28.424923	49.576608
36.364296	48.866835
34.551836	45.319392
40.346710	47.335344
36.093447	53.794296
37.373695	49.211997
30.120695	47.890323
36.623128	57.845964
36.627713	54.425645
29.492192	56.181815
36.575694	61.356092
40.568386	59.878518
36.661234	1.725813
34.351190	5.119411
32.151826	2.637261
31.519370	7.940147
37.943379	6.842378
35.762672	10.028658
39.911897	7.043973
38.603505	3.826356
35.903710	6.494528
35.924581	8.486083
43.523850	15.274212
33.196010	11.921787
29.523815	13.155075
46.082291	13.886352
35.221765	15.389746
28.998402	17.768522
36.872158	17.657368
38.180392	15.995907
33.753203	17.816114
40.026529	25.397042
35.168797	19.075808
34.520214	24.883172
35.785125	30.986368
40.000915	23.175226
35.257499	34.158449
33.093236	30.606895
32.604189	32.403701
34.962932	33.160434
36.192268	32.057590
36.219938	36.310853
35.710020	43.651290
39.919803	39.156903
39.504754	37.951285
35.756032	38.241266
35.998578	40.133256
35.816747	41.164949
33.184151	45.038740
39.983048	45.777922
36.848440	45.501223
34.615082	47.884789
40.687287	50.594545
39.030412	49.944223
38.401909	53.683616
35.140811	59.435009
33.658493	50.556914
31.640960	56.108134
32.747757	51.064776
38.994362	54.585972
37.710161	55.075018
36.188315	0.371568
37.291159	2.763040
37.181903	63.170291
39.113422	0.075104
36.915797	6.631138
38.318900	1.142373
39.228054	5.767204
34.991393	11.725488
37.150912	8.883296
33.294831	8.214016
38.015163	8.726384
30.575272	10.724074
38.148927	14.894328
39.665397	13.422319
34.219797	11.162840
33.815184	10.302463
37.629207	16.877708
40.130568	12.533561
35.611199	20.033029
37.148857	21.602309
31.235398	23.136014
37.152810	22.989759
39.338734	21.649743
39.801217	26.468264
34.192127	28.883454
36.528260	33.591294
34.813989	31.266072
37.536236	24.053074
37.154707	38.026389
39.536376	29.488239
32.369865	38.994836
34.657298	38.508794
38.243795	32.338242
39.030412	38.765571
38.346569	31.156341
40.607598	46.256216
30.222046	39.003375
38.401909	40.568070
37.931521	45.461694
36.516401	49.948176
49.086297	45.052337
41.402120	45.268005
38.516226	47.640504
39.401980	51.047067
39.690537	55.383340
37.738463	54.299944
35.903710	58.838129
33.642681	53.711286
36.850180	62.510956
37.548094	61.624886
37.832699	59.597075
34.800866	1.411166
40.309395	58.758597
41.963425	63.040005
33.611059	4.616925
34.144693	8.799038
35.774215	1.405670
40.457390	4.217688
36.416948	9.269932
41.234994	4.691350
45.422166	6.814708
37.177950	15.982942
39.734019	20.025123
37.223961	13.072065
39.848651	15.064300
35.940076	14.444288
36.237014	21.007959
37.903851	20.432267
35.118675	17.938178
36.005693	18.455052
39.031835	25.879922
35.642506	17.187770
30.551555	27.092814
36.781716	31.247730
37.599481	31.061472
33.939145	30.863830
33.456581	29.526819
37.295112	29.164106
37.671581	33.105569
38.457249	33.804748
30.870787	38.229091
36.389910	37.607387
40.896156	30.693858
41.707596	36.522251
39.441666	36.541700
37.291159	39.030412
32.255232	34.911545
42.180831	47.647619
34.783157	46.313928
35.457038	50.355319
39.453367	44.323274
40.915920	49.371060
41.224242	48.070573
36.564784	51.057345
39.267583	56.288542
38.781383	52.066902
30.139036	51.068887
37.454807	57.697337
36.915639	56.758931
36.057871	4.439047
34.895734	61.047770
36.967026	58.921138
33.398712	59.961844
40.160926	5.237522
41.109610	9.233851
43.299487	4.628784
37.725656	1.953291
35.092902	13.805840
41.176808	2.316368
37.619246	10.878235
44.192830	6.360131
35.144763	12.621441
38.101651	12.611464
40.227808	11.487574
38.492667	7.802319
39.354545	16.242249
40.823740	14.702567
39.998860	21.282129
40.215634	16.291738
33.556826	16.738884
34.006343	24.132131
41.338875	29.092954
42.157114	23.464100
37.373695	27.071943
42.546865	26.553013
35.958734	33.076159
35.342248	32.199260
37.000546	36.634196
37.263489	34.034013
39.208290	34.223750
37.152810	32.274996
35.441227	36.899827
38.619316	37.405792
33.385746	38.765571
40.429720	36.310853
43.903640	36.310221
31.219586	40.998930
37.781312	41.670914
38.199998	44.397272
44.269832	47.330758
41.776534	51.717470
37.291159	50.410659
40.251209	44.866712
35.577679	48.133503
39.218251	52.937793
39.412889	1.121027
42.908155	57.632510
36.246659	59.756928
35.751130	60.578804
33.842221	60.871948
34.949018	58.365210
42.386379	60.387645
40.469248	61.921349
40.394302	3.090937
43.109750	2.498199
41.164949	0.462483
42.242812	6.399565
42.091022	9.388486
39.315017	11.297237
36.741239	10.218616
40.374380	8.636971
45.382637	10.526432
42.872579	13.744049
35.437274	16.269919
38.760195	17.001353
36.366193	19.400573
43.899687	14.421140
36.811600	20.406336
38.135804	18.841957
40.579928	20.511323
38.176439	21.464908
38.864392	20.716872
32.974492	26.788761
40.760652	26.082940
35.579577	27.239069
36.358287	25.282410
35.765360	35.377981
38.932698	28.420022
36.777289	30.211610
42.110312	28.774829
41.137280	34.773196
37.014460	40.046294
39.086859	39.981625
40.469248	38.133116
38.678134	35.072347
39.730857	43.336644
41.606245	43.179320
40.347975	48.523570
44.667172	50.355161
38.125210	46.687077
33.838268	45.878166
36.302948	47.113984
41.010788	52.430564
36.065777	52.015515
37.644544	56.143868
40.592735	55.435202
38.488872	57.905257
34.126194	52.706630
38.599552	55.604700
45.259150	62.436801
34.117023	57.751096
40.105586	6.304791
37.808982	60.609004
39.615433	3.731488
44.675078	58.585147
36.064196	2.544005
40.979166	5.905554
43.279723	5.988563
40.826111	7.780357
41.876462	7.478787
44.547638	10.988915
42.912108	8.577678
41.876462	11.230039
39.804221	17.475379
41.926584	15.971558
42.627503	10.605489
43.137420	19.728660
36.551977	24.132131
38.267513	23.325751
45.908998	23.942711
35.251490	22.475888
45.307533	23.033240
41.011263	24.987844
41.713130	26.595862
37.338593	25.053145
43.030693	25.851620
42.421955	32.144552
38.947402	30.342054
42.955589	28.598849
44.430001	29.745174
38.626431	36.351963
39.734019	35.370076
42.789095	34.883401
38.050738	35.816905
37.722020	34.789007
39.036737	45.160803
40.614081	43.579665
40.170571	37.220324
42.710513	48.426330
37.183168	46.284835
42.718418	49.513362
42.702607	51.260521
40.000915	49.992922
43.279723	47.260240
37.836652	48.331461
43.220430	54.636252
38.273205	56.892063
40.290105	57.632510
45.660443	58.658195
39.627766	59.890693
32.444969	62.605192
35.922209	61.804345
35.603294	5.320532
43.017095	62.890810
42.141303	61.988548
42.983259	9.763532
39.141092	8.775321
41.560234	10.277402
41.338875	6.810756
37.828747	9.949316
43.911388	10.398881
34.879923	8.241686
44.532775	12.712356
41.295393	16.752166
38.446814	13.460883
42.714465	21.851339
33.239491	13.008820
38.686514	19.617980
39.441666	24.729328
41.283535	24.033310
40.621038	17.422885
41.987142	22.444266
43.896367	20.689202
46.649446	22.970785
38.242372	26.584320
34.235450	32.392159
38.896015	22.487747
34.709950	28.152177
36.453156	27.626448
37.939426	28.282621
40.153021	31.373747
42.437766	37.923615
43.475310	40.977901
41.371130	37.304757
43.519898	39.242601
41.894329	39.225683
38.164739	38.255654
42.387960	43.610497
42.469073	40.529174
42.192690	54.078901
44.552539	43.548516
43.785687	45.453789
40.321096	54.283816
41.386309	53.612465
43.880555	46.414330
42.021610	55.133520
40.276508	56.473061
35.298924	52.877235
43.857313	55.696564
38.824864	60.273012
44.627643	57.739237
39.534321	58.292003
36.830890	55.526908
41.306303	62.461065
42.434288	0.553399
42.805381	1.359779
42.434288	3.345453
38.458356	11.721630
40.208360	0.142302
41.844839	5.320532
40.134521	9.549667
45.983470	11.573936
35.662428	11.000489
42.044853	12.064864
36.310853	22.159661
38.650939	10.478998
40.010718	18.530947
45.339156	20.353210
45.406354	21.456054
46.155024	20.759562
44.115829	25.340754
45.090127	24.855502
40.919873	26.982134
46.690239	16.312135
44.999685	23.937968
50.382989	32.045731
45.323345	27.764798
38.496620	29.188297
41.813216	33.045802
39.911581	30.376049
45.299627	34.790904
44.590170	31.965409
42.230637	27.631350
43.510253	34.366685
39.546654	42.498166
42.860721	38.666750
39.994907	41.726254
36.384376	39.060137
39.342687	46.861002
46.185065	46.734511
38.093587	49.861213
46.825426	48.390754
41.744121	49.966043
39.550765	53.776903
39.865886	52.156394
42.734230	52.323837
43.753274	51.735969
39.291300	57.235170
44.121679	56.691733
41.697793	59.915517
34.528119	60.039794
38.913408	59.117200
35.215915	0.438766
39.338734	2.802569
48.053181	3.723392
44.245482	61.917801
38.959261	1.913178
44.686936	9.585654
42.711936	5.343095
47.417563	7.327329
42.979306	7.696193
43.194025	11.424693
40.872439	15.716520
39.222362	12.497084
42.769805	15.831153
41.137280	13.087877
41.157044	18.542806
44.762040	15.376575
40.939637	21.645791
45.600360	30.205602
43.109750	20.910561
41.222503	23.028180
43.186277	24.964601
43.236241	27.428806
47.424520	28.624463
42.002953	25.436571
43.849565	27.930185
42.806330	31.397781
45.742346	35.484708
42.060190	34.193076
41.892273	29.958628
44.525344	35.451979
40.425767	40.050247
41.698584	41.334922
40.745948	41.002883
42.887442	44.955097
40.733615	42.318548
46.216688	45.920224
41.516437	40.320938
42.655173	42.651220
43.588045	48.367037
41.180761	44.267934
47.890323	47.910562
38.662955	48.842960
41.627433	50.873142
36.757525	48.086385
43.807191	52.773355
46.702888	52.157817
40.425767	53.157887
36.974932	60.292776
42.923966	53.406917
39.565153	61.064688
44.291651	1.260958
39.318970	61.964831
44.983400	59.557547
49.122031	0.861721
43.647337	60.913373
45.104989	7.794208
41.607668	1.458601
46.383340	9.114680
37.642963	14.135381
37.303018	11.941551
47.481599	15.439821
46.556633	7.162559
42.714465	14.586006
38.954834	18.059451
47.161418	20.222766
44.074245	16.076229
45.655384	16.040653
42.259888	17.088158
36.188315	23.262505
43.817310	26.468264
48.299838	23.898913
44.860861	22.361256
43.943801	31.425134
44.019221	23.067234
37.864322	30.002109
43.102319	29.670703
45.399872	29.345620
40.020995	33.380212
42.698654	33.334359
45.473553	31.583248
39.109469	32.998367
40.915920	39.212243
37.602169	40.590996
41.690678	42.224312
39.603575	40.765712
45.003164	42.710513
38.251701	42.473342
46.665890	43.341387
45.722582	43.362732
42.204548	44.477435
48.295727	45.834843
41.244006	46.955870
36.323660	52.832331
46.327368	50.952199
41.133327	54.723215
40.481107	60.858034
44.955730	54.284449
39.958541	62.695949
45.679101	0.280652
42.287558	58.632581
35.579577	62.707966
41.354686	58.213579
40.204408	2.011999
44.362803	7.296956
44.302245	2.835915
44.667172	0.375520
46.335273	57.877587
38.892062	9.550079
43.795648	9.288226
45.960385	12.638976
43.021206	12.452480
38.897913	15.327402
43.329054	16.742679
42.923966	17.728519
45.453789	14.720403
47.578839	16.638640
41.556281	20.582475
44.723935	16.620141
44.678714	18.455052
45.619808	18.926232
44.030605	19.332426
40.260222	24.128653
47.098173	23.875196
41.224242	28.005922
45.975564	27.136295
44.825286	25.917237
44.401066	32.982240
39.788726	32.195465
39.030412	31.626729
41.087316	31.981537
38.926373	41.683247
47.079357	39.441350
45.307533	38.263560
44.111876	40.178319
42.860721	41.639291
47.374398	44.115671
43.651290	43.074175
43.821263	49.552891
49.134838	43.515787
43.710741	50.868398
39.615275	49.005659
45.101036	46.702414
43.026740	50.264403
37.204987	53.243901
45.871209	51.729645
41.152142	57.060929
45.785828	55.039443
42.757947	59.138545
45.137561	56.806365
37.239772	0.865674
43.382971	3.576852
46.161348	59.644510
46.200877	3.727535
40.473201	1.150278
44.189036	62.803992
47.248381	1.707630
41.350575	3.380159
49.880977	9.550079
45.083328	5.829406
47.094220	11.273520
45.118429	8.721325
39.781453	10.352506
41.615574	17.839199
43.722283	13.221799
40.236188	22.407899
49.699146	18.329352
43.163035	22.883980
43.765923	21.930396
46.792064	21.389646
52.191812	23.171748
47.386731	22.266388
47.196994	30.496215
42.165652	24.521882
47.294234	27.375996
49.331531	32.393582
47.249646	33.570898
40.662938	29.677976
38.681929	27.201438
40.117445	34.449062
43.714536	33.551766
48.307586	32.974492
41.423782	38.257551
43.430563	37.483110
48.896718	37.971049
45.560515	41.054270
47.038880	47.355108
50.272309	46.303651
45.959753	47.663430
42.850918	45.952322
46.766134	45.188948
41.890534	48.913162
46.268549	49.426874
42.963495	55.561218
49.015304	54.936669
48.110102	54.252826
44.299557	60.352069
38.437485	61.363998
44.939918	55.782578
45.457741	1.233288
43.255689	61.870753
41.358639	61.111016
38.234625	62.464626
48.145677	4.577397
46.167356	1.872306
47.193041	6.296885
38.314947	2.897437
44.880626	4.846191
45.362873	4.142584
43.990128	11.905169
43.995188	8.348413
41.773688	15.024772
46.425715	10.568569
42.382426	20.060699
40.463714	13.931383
41.694631	13.977267
43.445742	18.621863
46.789851	13.242038
44.767416	19.723758
49.351296	23.926583
43.125562	23.914725
46.383340	32.422991
45.999281	25.278457
46.141584	30.768962
40.192549	28.638377
46.584303	29.508003
47.579788	31.406477
51.252615	32.571460
48.288296	30.136190
46.651501	35.559812
44.699585	30.676149
41.635338	31.290737
47.833402	43.252053
50.967378	45.530790
50.180919	43.385975
47.042833	42.291511
45.256146	40.058152
49.042974	41.896226
50.173488	42.394285
45.046645	51.240757
48.018396	42.287716
50.276262	45.066409
44.759669	45.693015
44.682983	53.134170
47.532986	55.857682
45.696810	57.308535
45.647478	50.169535
43.935895	59.189932
47.148295	61.415069
41.951566	57.474396
41.148189	59.177125
42.548446	61.170308
46.394566	60.684108
43.603856	0.529682
49.710530	3.152143
44.362487	3.873790
41.892273	8.415611
48.770227	5.719770
52.561324	9.160960
52.897000	16.036701
46.916342	8.407706
40.994977	12.004797
46.430142	15.372622
46.609127	14.560660
50.066129	19.287996
44.938812	17.508108
41.904132	21.424431
48.311855	15.918748
51.786408	16.535076
45.876743	18.024983
47.898862	23.206058
44.529297	21.148681
48.173980	21.919011
45.603997	26.298292
44.070292	24.155848
48.659548	24.784351
44.565821	34.195131
40.809193	32.777008
48.178091	33.960016
47.675289	36.769383
43.457601	35.520284
46.228547	33.448992
45.405089	33.692487
44.671283	39.202124
42.931872	39.797264
45.738394	38.971119
47.948984	40.085664
42.729328	36.964180
49.212946	35.721879
48.959964	42.797475
48.972771	49.224172
43.433884	44.026811
50.484024	49.722705
45.050598	47.908507
41.918362	52.836442
46.984963	50.197363
48.599780	55.763446
44.410237	54.885282
45.434024	60.462749
45.868837	61.731613
53.667805	3.929130
48.580491	0.043481
48.007328	0.865674
42.161067	2.347991
55.221274	10.471092
43.755013	1.948042
46.121820	6.091337
53.316001	6.514292
47.501363	10.301119
48.133819	10.894047
45.975564	7.937317
48.311855	8.090166
39.429650	19.104110
45.283816	13.305283
49.306391	13.283495
42.425908	18.696967
50.110242	16.202720
46.857682	17.540996
53.529455	18.791835
45.886862	17.061279
47.722723	17.906397
46.676325	24.578961
46.672530	26.480281
39.192479	23.681507
50.075457	25.592155
48.347273	31.883665
53.011632	32.650517
43.939848	28.994133
50.319743	33.093236
50.450187	35.899757
46.552996	38.458356
42.668454	36.060085
46.475362	34.385659
41.071030	33.757314
48.909209	39.449414
41.832981	45.932083
49.447113	48.052390
51.058926	47.426259
46.861002	40.568070
48.897667	47.204742
44.382567	48.627925
47.716556	52.505035
46.456547	54.308324
45.676729	48.607844
53.110453	54.999914
46.734511	56.675921
48.667453	59.280848
42.240124	56.249014
50.434376	61.288894
47.718770	62.545899
46.714747	0.924966
51.239017	61.990761
45.319392	2.992305
49.288050	3.854026
44.109821	5.158465
45.054551	2.075245
40.738042	10.664781
48.643104	1.826026
51.570266	0.541829
45.754205	9.712145
51.572796	9.040161
49.021154	11.266579
48.422377	13.653134
53.533408	16.574288
54.997226	15.667457
49.272239	14.396269
43.937476	17.617523
46.195659	19.628416
47.335818	19.357408
49.063528	19.183799
52.280355	31.069378
46.659407	28.049403
48.814657	27.217882
44.773899	28.381442
48.141883	27.918643
52.764342	29.018008
48.708721	29.187507
45.354967	32.626800
43.508988	30.583178
49.051986	34.513098
42.465436	30.551555
44.738323	36.686374
40.821052	35.634916
44.010999	38.326805
46.295745	44.343038
48.327508	44.271887
47.774110	45.157325
53.217180	43.271817
47.347202	49.118078
49.948176	50.774321
49.414383	50.062334
40.437626	51.485833
43.799443	53.868609
49.880977	51.908788
48.993010	58.544669
48.841378	56.505949
43.321148	59.692102
50.363225	59.000195
41.327491	56.074456
43.675007	58.000125
44.924107	61.292847
53.968854	62.171486
48.540962	9.447305
47.706121	2.396769
50.866027	63.081358
50.458093	2.881626
47.402542	9.593560
50.264403	13.052301
48.303791	6.756333
49.928411	10.878235
51.053392	12.473636
48.109153	11.901105
50.904765	16.767977
50.756612	18.258043
51.039161	15.593982
46.880766	18.645580
54.300576	20.656946
51.693595	20.884472
48.226632	18.732700
47.110031	25.764657
48.729434	21.014916
52.802131	22.452171
50.760407	24.470969
46.029323	28.624621
48.664607	30.951741
53.746862	33.180198
51.703240	26.001828
54.126967	31.231287
49.406636	30.282761
52.837707	34.923404
44.565821	40.900741
44.682983	41.805311
49.430827	36.952005
50.821755	41.623480
48.204970	35.101282
46.260486	41.496830
48.170027	39.003375
45.560515	45.275910
51.821825	45.777922
48.052390	49.601116
48.415578	48.465700
51.678100	49.695984
48.477717	53.252756
50.762462	55.256849
44.671283	52.102635
46.726763	55.398677
51.527733	58.847299
47.797827	58.766977
45.944258	56.018958
48.739553	60.266530
42.196643	4.162348
52.545196	0.300416
46.837285	62.205954
50.248592	4.288839
48.650851	2.817131
50.264403	7.296956
53.714448	8.543937
52.450328	4.391613
52.037651	7.773938
44.620845	14.050933
48.808965	12.392650
47.576467	14.253967
54.891922	17.345884
49.272239	16.621722
48.438821	14.779790
50.181394	17.392527
56.885422	18.222625
48.991587	17.783859
48.418424	25.705365
48.863198	22.819154
54.275595	23.702852
47.924318	26.626378
52.665363	24.177984
44.617208	27.062456
51.749883	26.946242
53.679663	35.852323
46.714589	31.555894
50.015374	28.235187
49.163298	33.396498
53.043413	33.907680
47.480809	38.375030
44.544634	37.611340
52.565119	35.870664
45.667242	36.338523
45.971611	42.323134
51.209134	42.580069
47.390684	41.180761
45.644158	37.385870
49.924459	48.983681
44.265879	44.598234
47.237471	46.284835
51.628294	51.486940
52.841660	48.050809
47.173277	57.944785
47.291862	51.236804
49.743102	59.570354
45.643525	53.663852
50.598340	52.989338
53.691522	56.711497
48.465858	61.984595
47.655524	56.932856
49.813779	60.474607
49.916553	63.166496
54.332357	2.288604
50.790132	5.261239
46.971682	5.320532
49.609179	2.008853
49.390350	6.630648
49.256427	15.613746
52.761812	11.767910
50.302509	14.090382
52.118289	13.886352
56.172961	14.499849
52.007609	15.510972
52.865377	18.056605
51.383059	10.862424
50.606562	20.216283
49.888883	21.064722
49.568702	24.960806
48.388698	17.101439
53.648041	24.598567
50.766415	27.235116
49.829590	27.195588
52.078760	25.108485
53.956363	25.669789
49.098314	28.262857
56.781067	35.772317
47.422306	32.563554
50.580631	38.931591
50.438329	36.824723
49.916553	35.160575
48.706982	36.500590
51.130551	38.111296
51.109364	33.785616
51.392862	46.672530
50.782226	34.725762
54.012177	43.758966
50.497621	48.106149
57.221414	47.940129
45.676729	52.771457
42.366615	46.781945
45.181042	44.311416
50.964057	50.691311
47.671336	54.944574
44.971541	49.414541
51.549079	53.533408
50.734792	54.193533
47.469741	60.450890
46.797757	58.976478
50.904765	1.917131
49.367107	61.360045
47.920365	5.616996
46.473623	2.778851
50.157677	62.233624
49.145748	10.229968
49.929518	8.077991
50.367336	6.281991
43.341387	6.938765
54.486044	6.696123
54.462327	9.146888
48.948105	7.510409
53.313313	9.654592
51.209134	13.570124
58.808245	7.664476
51.039161	19.281988
57.600888	20.238577
52.495707	17.209273
54.023561	19.697037
47.722723	20.934278
55.727238	22.254529
46.149490	22.163614
49.133889	26.286433
47.687147	29.484286
51.068887	25.265492
49.786109	29.183870
55.422869	25.080815
56.328071	34.816677
43.378544	32.480544
53.750815	28.594896
57.596935	33.701974
47.782015	35.899757
50.197205	37.797124
49.048033	40.459762
46.240405	39.832840
50.157677	40.568070
51.501645	43.465506
53.116145	47.128056
53.565031	45.485411
48.091761	46.780522
49.027162	51.209134
46.622408	53.297818
54.280496	52.976056
52.537290	51.873212
54.201439	53.916834
47.452348	59.764992
56.411081	55.521690
52.511202	52.908384
51.928552	57.549501
46.287839	62.889797
43.058996	56.726202
47.196994	0.205548
47.272098	3.308533
46.026951	5.012210
56.185768	0.996117
52.534286	3.387875
52.650026	2.230955
49.799865	12.148411
52.541243	10.502715
53.914779	5.791427
49.284097	8.712075
51.145888	8.103336
46.975635	12.234062
52.651923	14.933856
58.468300	20.920048
52.758017	13.333633
54.547392	12.901713
61.562273	14.795222
52.477998	20.297870
49.410588	20.203001
56.796720	23.638026
51.543228	23.850056
51.288191	27.978252
53.541314	29.741221
50.379036	30.927076
56.201580	31.184011
49.580561	31.456757
50.489716	26.341773
51.975196	34.262488
52.056150	33.229056
51.766802	35.215124
56.278897	36.680523
49.892678	39.623023
46.929465	37.470935
46.587623	36.661234
48.169394	37.579717
51.035209	39.864463
49.667524	41.378403
58.372958	45.654435
49.868644	47.046944
52.684653	44.979605
53.276473	53.363436
50.648462	51.863251
52.438469	54.106571
47.493458	53.470162
52.114336	55.474256
48.959964	52.304072
49.726816	55.769929
49.983751	57.972455
51.912741	62.700060
50.805943	60.016077
53.108872	1.050825
56.482232	63.233695
53.280426	60.482513
58.537712	2.537728
54.450468	58.763025
49.813779	5.498410
51.481564	3.453444
51.335625	14.645298
49.144483	4.760777
50.628065	11.581842
53.948457	11.925740
47.810160	8.601775
42.172135	12.990399
47.736953	13.013547
52.806084	19.305705
51.891711	11.576766
50.292073	22.033170
54.628347	21.792046
51.837637	19.665414
51.545126	17.657368
49.833543	23.025334
47.619949	24.981994
53.340351	20.645404
58.980431	30.496215
52.564960	30.033732
53.814060	34.832488
55.706841	25.928621
49.994345	34.004604
58.676062	39.113422
51.388909	36.159854
60.328352	43.366685
53.744490	37.669684
55.299382	36.838637
54.356707	38.492667
48.284027	41.240054
52.568755	46.146960
51.489786	37.350452
55.407374	48.407988
54.887811	43.284624
43.742206	42.192690
50.801991	44.137490
53.810107	44.603926
54.240968	49.782156
51.551134	52.479579
48.197064	57.612746
49.215950	53.991780
56.992149	54.576960
51.505597	56.114617
54.620441	63.170449
56.845894	59.332235
49.126774	62.538152
55.790484	58.731402
49.994345	1.173692
54.165863	61.075440
52.311978	60.399503
46.951918	4.371849
53.862127	4.834632
56.351788	7.466928
53.391105	12.660969
50.663009	10.181696
53.347624	14.242108
55.577030	8.432103
51.944363	18.574428
50.602293	8.894870
56.407128	17.226508
49.264333	21.914584
51.043114	22.732824
52.511992	21.513607
58.110647	22.430984
53.744490	17.552696
48.363084	19.942113
50.509322	23.605612
52.916764	25.199400
55.363576	26.780539
52.699357	26.314103
51.300049	31.436993
53.229039	27.871525
56.151616	29.303088
53.263191	31.786741
47.374872	34.761337
58.600484	34.409059
53.327860	36.812865
57.533689	39.275489
53.749075	39.329880
52.854309	38.465945
55.920928	37.765501
53.266986	41.551222
52.181534	42.904202
53.332603	48.901462
48.215089	50.501890
56.363488	48.534954
51.987845	50.517386
51.122171	48.928341
56.003937	52.699357
55.827640	57.447359
52.435623	56.762884
49.078549	57.561359
58.747213	59.095064
51.928868	59.595494
51.352543	60.786724
53.561078	63.146732
55.525643	0.276699
55.509831	1.921084
58.253107	1.209571
56.142287	2.921154
58.122663	9.917693
51.905626	5.073147
59.331286	6.699570
51.228898	6.996539
55.059207	9.633088
55.294164	7.319013
57.860036	11.821906
45.066409	11.878305
59.296659	10.032326
56.930643	12.034016
52.653820	7.132486
59.691944	12.815130
56.241899	21.404193
50.924529	21.187260
57.296993	24.849020
55.106641	19.416385
53.575466	21.617330
57.509972	23.068816
50.465999	29.836090
52.489856	27.436712
51.663711	29.594966
57.336521	30.955852
51.323766	30.405300
54.592771	37.472990
52.687499	37.686444
56.249014	40.326946
61.498395	40.394144
57.883121	35.585269
52.794226	42.295464
51.703240	38.852534
49.487590	38.561604
51.655806	44.619738
51.855345	48.449730
49.607282	44.362487
49.272239	46.054621
52.832331	50.878202
60.099087	54.363506
54.418846	52.015515
51.667664	54.569054
55.090830	55.830012
48.204970	61.035912
49.873072	56.948668
53.106500	61.435149
50.659688	56.316212
55.106641	59.427103
54.944574	60.531212
52.489856	58.573288
51.553032	2.620738
51.458321	5.983267
54.450468	3.482458
51.987845	12.629346
58.156974	8.582501
53.617999	1.787462
55.864955	4.713011
54.715309	11.226086
59.790765	7.668523
60.399503	11.763673
56.561289	8.340507
56.116989	10.275473
57.415104	19.115968
55.632370	16.487325
56.793242	20.731102
54.361134	18.585971
57.980361	17.989407
56.533619	19.799811
58.588941	16.738884
55.422711	20.248222
53.938021	22.569808
54.794366	33.041849
55.497973	33.923334
52.138053	32.124788
59.668227	34.868064
54.731121	35.350311
55.679804	35.737690
54.446516	36.358287
57.873792	37.377331
55.061262	40.119500
55.217321	41.022647
52.671687	39.239913
54.074948	40.599692
53.916834	42.520776
53.703380	46.406425
57.682632	44.917782
57.166074	51.118218
55.395199	53.217180
48.129866	51.553032
49.616136	53.142076
57.100299	52.730980
57.125755	56.237788
55.877762	51.111261
55.149016	54.103883
51.045644	57.227581
53.078831	59.482443
58.676062	55.478209
56.786601	56.984243
53.476961	58.564908
53.031713	5.281320
52.317512	6.237387
54.705348	8.110436
50.809896	0.992165
52.032907	1.463518
58.257060	4.778992
57.122593	6.794944
51.724427	9.943814
52.900952	8.154724
56.150193	12.629346
56.336767	9.292084
59.933067	21.460007
60.672250	14.775742
54.202704	14.730949
57.678838	21.420636
59.097910	13.769411
56.150193	19.084346
58.573130	19.818943
62.028076	15.601887
56.086947	23.025334
52.110699	28.478682
53.244850	23.424572
53.596653	26.646142
56.652204	30.195799
53.310784	30.728801
54.628347	28.081500
55.337804	38.439857
54.385167	32.192461
52.153864	36.797053
56.814271	37.642963
56.466420	38.769524
62.352210	40.077917
2.842097	39.220149
58.179901	40.953551
55.438206	45.141514
54.385167	41.581896
59.359905	45.647478
52.695404	49.426400
56.585006	46.604067
53.695475	54.521620
53.379721	50.128109
54.624394	47.805733
50.940340	58.217532
50.019327	54.422799
60.278072	57.998860
56.521602	51.871473
57.608793	55.521690
54.094712	59.905397
54.129655	0.804800
59.146451	1.687866
57.663343	61.797388
55.133520	2.882685
54.928763	1.225383
57.015866	62.526135
54.786460	4.577397
53.916834	7.466928
54.972877	5.681965
50.158783	15.034322
59.736690	14.576883
58.163615	14.402546
61.375857	17.657368
54.042218	10.379591
60.297362	16.534443
55.217321	13.933786
56.079674	15.582329
60.620863	20.566663
59.934807	20.016901
55.150122	14.854799
58.624675	23.653837
54.628347	26.250857
55.885352	17.890586
57.547603	34.725287
54.276543	27.318126
54.596724	24.721106
59.363699	32.642453
56.450609	32.112930
58.431144	36.643841
57.835212	30.148997
61.722600	39.274698
59.019011	37.410219
59.344093	36.425486
61.269130	33.643788
51.901831	41.539679
59.885633	41.461413
52.027373	40.038388
57.547603	38.276999
58.315088	42.387960
57.703662	44.018905
54.989162	42.295464
59.977181	48.346166
54.758791	50.877095
58.138475	52.790273
54.608582	45.722582
54.146099	55.913022
53.006731	57.510921
59.984929	61.596900
53.035349	55.936739
59.790765	57.130499
55.041814	58.013565
53.351893	2.990724
56.529666	2.023858
62.558390	5.236004
57.197697	1.347921
60.436976	6.707365
56.659478	3.906219
56.780277	61.292262
58.593052	12.534478
56.604770	5.194041
55.679804	6.573585
57.328141	8.818802
0.071151	14.072136
57.525783	17.226508
56.752765	16.324310
59.829819	18.391965
55.233765	18.400977
4.514309	14.357958
56.948668	22.116179
59.964690	22.511464
59.656368	24.333727
55.331953	21.096345
59.344093	29.721457
58.293268	25.486693
59.652415	25.559109
50.928482	28.867642
55.296378	34.698092
51.632247	22.093411
0.946786	27.112736
57.387434	36.508496
61.024053	31.302596
56.051372	33.144623
58.628628	38.354475
58.324259	40.077917
62.449134	43.521795
0.014230	41.946823
51.282973	40.755909
54.652696	46.767241
56.407128	47.564609
58.351929	43.406214
60.130710	49.454070
52.179479	47.362856
55.778625	56.371552
60.091181	46.418283
55.276297	51.909578
59.753608	53.413558
55.944645	54.667875
54.976988	61.654295
58.656298	57.229320
59.336978	56.213280
56.632440	58.276824
55.335906	62.537994
61.269130	61.852886
51.196169	4.228582
59.874407	2.337255
60.690591	2.952097
59.229461	3.193900
57.108205	9.977824
57.770860	2.213594
55.556791	3.877838
59.444970	12.018584
55.165934	12.151052
53.414823	11.000773
55.897052	11.443967
56.803361	13.657561
53.991780	13.603881
58.323152	18.894609
0.838004	14.965479
1.090986	21.807857
0.196694	19.725656
58.063371	27.650165
56.158098	28.306338
55.501926	32.239421
59.838041	27.371885
54.442563	29.436852
54.233062	33.951004
60.786882	34.990602
54.604630	30.417158
58.340070	32.354053
60.071417	35.844417
59.752818	37.848036
59.948879	38.824864
61.625835	35.533091
61.340281	43.817310
0.660125	33.919381
55.956503	49.406636
56.632440	43.576186
55.711427	44.007046
56.553383	45.536798
52.620300	44.054481
55.976267	39.473131
55.568966	46.126721
53.455932	52.125562
58.901532	51.705295
59.005413	52.673110
0.304369	58.178003
58.423080	50.845472
57.355811	57.549501
55.940692	60.858034
56.468950	53.720140
58.209626	56.585006
60.767118	60.731542
57.263631	2.965584
56.975705	60.324494
60.071417	5.917412
60.929817	1.903154
59.415244	4.280933
56.059277	5.858119
60.399503	8.395847
60.227159	13.656581
58.759072	11.170746
58.793224	9.191808
58.794647	14.929903
57.995065	13.530311
57.806436	16.234343
54.462169	16.624252
0.293934	22.210890
60.697548	19.405475
60.770438	18.509444
0.541540	26.345726
59.292706	20.657579
60.742136	23.066444
54.908999	22.831645
55.592841	30.140459
56.489189	26.719191
58.410589	31.173417
59.363699	31.665309
60.320446	34.089353
56.703591	33.931239
57.609426	31.825162
60.324399	40.528541
0.399238	39.275489
3.723740	34.195131
59.468213	39.665397
54.729698	39.380476
61.043817	41.255865
60.917326	37.710161
54.855398	44.456406
58.929044	48.027092
56.356057	50.289860
53.865447	47.833402
53.771211	51.066673
0.217881	54.269744
55.222222	50.027549
62.004359	55.110594
59.166215	54.565101
54.821246	55.060314
59.927217	52.147224
61.820473	59.388049
58.130569	63.020241
0.620597	54.995961
52.916764	62.387785
62.996524	60.680155
58.794647	0.391332
52.110383	61.561640
57.421745	0.370959
61.537923	4.605067
61.292847	8.905764
57.521831	3.893554
62.340351	4.055621
57.420480	6.068095
0.768275	6.691459
53.762673	15.507019
55.633793	13.279542
62.004359	5.731628
61.496181	20.954200
0.391332	18.040794
62.913514	21.697178
60.956855	25.970205
61.838340	27.717364
62.387785	23.705224
55.260802	23.844838
57.260943	25.970205
59.988407	29.172011
58.557477	26.199470
61.966412	29.009787
61.707896	22.582615
57.130499	32.721668
61.654295	34.426294
59.327175	33.822141
61.142639	28.511886
61.466772	23.641978
58.984384	41.785546
53.246906	40.227492
55.820209	42.875267
52.621565	40.775199
60.042798	44.991147
55.972315	41.516753
59.595494	44.104128
60.835265	48.749831
57.397237	46.001495
58.150333	47.513222
54.573007	48.920435
63.108627	53.120414
58.176264	49.776938
57.585076	53.608512
57.118640	49.244569
53.970909	57.761531
57.624447	58.739308
57.944627	60.709723
59.767048	60.585287
56.108134	61.978587
59.996155	0.010119
61.226755	62.935111
2.083150	0.134397
62.573569	0.739182
1.774828	3.933083
57.458585	5.130795
58.609496	5.823856
62.336398	9.605418
57.505229	15.404530
60.802694	12.874423
60.381320	10.222663
63.174402	9.957222
60.405354	17.510164
2.498199	22.009453
62.723777	17.420197
62.534041	16.507089
62.819436	22.924616
0.269584	24.611058
58.719543	28.626519
55.160558	28.917448
57.715520	26.863549
57.395340	28.417018
3.031834	24.452312
62.711919	34.034013
0.885912	30.051757
61.770509	30.467755
58.849987	35.453085
62.984665	29.397324
0.197642	34.729714
57.217461	40.145115
58.411221	33.243444
60.415315	36.939356
56.460096	42.264632
59.898757	42.518404
61.790905	41.793452
0.958328	38.404281
58.797177	44.647882
57.829204	46.741942
58.037440	48.616224
61.200192	49.986281
59.051582	49.078549
60.729961	47.476698
59.028498	46.637745
61.978587	53.841888
60.174191	58.826270
58.658195	53.813428
59.876937	59.641663
62.537994	56.612676
1.545563	62.296870
58.480949	62.005782
3.711723	62.273153
1.153441	5.037350
60.540225	1.047022
1.158184	63.209978
60.332305	4.806662
61.561640	10.091619
58.257060	6.790991
61.620933	7.723863
1.857838	10.597583
62.941184	6.553820
0.972400	13.427822
59.772898	10.965783
61.672320	16.744260
56.868978	11.058327
59.937020	15.503066
57.069467	14.718094
59.233888	19.109486
60.873845	21.894820
56.549430	25.306127
56.900127	27.603364
61.639274	18.948526
58.778836	24.732964
58.237928	29.326331
62.866080	31.259115
60.419268	25.001758
60.661024	30.201807
3.615432	27.182148
60.154585	33.090073
62.379722	32.300453
1.567699	37.370849
62.935176	36.904097
60.684108	39.651009
61.071487	46.592208
60.889656	44.509058
63.217883	40.153021
57.293198	42.908629
1.137155	48.429492
55.572919	47.209169
61.735566	45.362873
56.595125	44.601555
6.000422	52.015515
0.179301	50.501890
61.798811	53.031396
60.818505	55.517737
59.541735	51.007539
61.569546	56.272731
3.229476	56.426892
0.168233	56.100071
54.840377	57.034840
59.008101	61.245413
60.409148	62.325805
62.756981	2.831867
60.178144	3.672195
0.118585	4.834332
61.723233	2.787263
61.674059	6.511588
61.095521	10.942635
57.632510	7.656364
62.846316	14.894328
3.016022	10.589677
2.483179	14.357958
1.355827	16.076229
0.491734	12.813011
59.497464	17.058116
1.367685	14.182815
62.439172	18.167285
58.986598	21.874423
57.820666	24.127388
2.944871	26.559179
60.209767	23.760564
58.974581	17.895804
63.089495	25.429930
1.976424	29.037615
59.923106	26.358375
1.162137	29.017850
1.881555	36.409674
1.569280	32.215704
61.998035	33.190476
2.161575	35.242003
55.225226	31.247256
1.023787	40.350663
56.913092	41.101704
2.485550	44.825286
59.284800	40.627362
57.385695	50.208905
0.144674	46.013037
59.150404	43.129514
59.636604	47.406495
62.206271	46.286891
60.837163	53.671916
1.127984	49.468458
4.806662	45.943942
57.968977	54.640521
57.834106	51.790202
3.185995	55.276614
59.876937	55.511413
55.893258	59.948879
0.808753	60.275858
0.964495	61.502348
58.281252	58.175790
62.893750	59.774953
61.001601	57.551430
63.115109	3.767063
59.292706	5.233570
0.533634	2.901390
5.965795	7.364455
63.073209	8.819924
58.450750	3.755205
59.498254	8.719981
57.426962	12.886281
2.114299	13.401164
58.928254	15.863455
2.948824	13.285519
8.360272	14.459515
60.952902	15.989266
2.853956	19.594263
1.351716	24.116162
62.992887	27.093446
59.128742	22.994028
62.323275	24.554295
0.494106	20.851268
4.067480	24.863408
3.675199	21.651483
2.015003	26.935332
2.973806	28.701781
4.838759	39.254776
6.949105	31.942957
7.640853	36.895875
2.669753	37.085769
60.905468	38.587693
62.557758	35.196150
2.015952	42.580069
57.624763	41.747915
1.559952	44.281532
4.067480	40.741995
62.507003	41.177124
62.225719	44.516964
62.761092	51.425592
61.664414	50.948246
61.682597	49.195712
59.217602	49.928411
62.688360	54.258202
60.677151	56.550063
61.149596	54.643842
62.711919	55.561218
61.616980	58.589099
59.225508	58.043606
62.830504	58.790695
2.217547	57.320235
1.453383	54.247292
59.740643	0.975088
